parameters {
/* NOTE ( MortalityRate, EN )
>Source: ABS 3222.0 Population Projections, Australia, 2012 (base) to 2101
>Projection assumptions (detailed), Table 5
*/


	 //EN Mortality rate (qx)
	double	MortalityRate[SEX][RANGE_AGE_101][YEAR] = {
		// MALE
		0.00492, 0.0048, 0.00468, 0.00457, 0.00447, 0.00437, 0.00428, 0.0042, 0.00411, 0.00402, 0.00396, 0.00389, 0.00383, 0.00377, 0.00371, 0.00367, 0.00362, 0.00358, 0.00354, 0.0035, 0.00348, 0.00345, 0.00343, 0.0034, 0.00338, 0.00335, 0.00333, 0.00331, 0.00328, 0.00326, 0.00324, 0.00321, 0.00319, 0.00317, 0.00314, 0.00312, 0.0031, 0.00308, 0.00305, 0.00303, 0.00301, 0.00299, 0.00297, 0.00295, 0.00293, 0.0029, 0.00288, 0.00286, 0.00284, 0.00282, 
		0.0004, 0.00038, 0.00037, 0.00036, 0.00035, 0.00034, 0.00033, 0.00032, 0.00031, (2) 0.0003, (2) 0.00029, 0.00028, (3) 0.00027, (2) 0.00026, (6) 0.00025, (6) 0.00024, (6) 0.00023, (6) 0.00022, (7) 0.00021, 
		0.00019, 0.00018, (2) 0.00017, (2) 0.00016, (2) 0.00015, (2) 0.00014, (3) 0.00013, (5) 0.00012, (10) 0.00011, (14) 0.0001, (8) 0.00009, 
		0.00015, (2) 0.00014, (2) 0.00013, (2) 0.00012, (3) 0.00011, (3) 0.0001, (6) 0.00009, (16) 0.00008, (15) 0.00007, 
		0.00013, (2) 0.00012, (2) 0.00011, (3) 0.0001, (4) 0.00009, (5) 0.00008, (14) 0.00007, (19) 0.00006, 
		0.00012, (2) 0.00011, (3) 0.0001, (3) 0.00009, (4) 0.00008, (8) 0.00007, (23) 0.00006, (6) 0.00005, 
		0.00011, (3) 0.0001, (3) 0.00009, (3) 0.00008, (6) 0.00007, (16) 0.00006, (18) 0.00005, 
		0.0001, (3) 0.00009, (3) 0.00008, (5) 0.00007, (7) 0.00006, (28) 0.00005, (3) 0.00004, 
		0.00009, (3) 0.00008, (4) 0.00007, (6) 0.00006, (17) 0.00005, (19) 0.00004, 
		0.00009, (3) 0.00008, (4) 0.00007, (6) 0.00006, (16) 0.00005, (20) 0.00004, 
		0.00009, (3) 0.00008, (4) 0.00007, (5) 0.00006, (15) 0.00005, (22) 0.00004, 
		0.00009, (3) 0.00008, (4) 0.00007, (5) 0.00006, (14) 0.00005, (23) 0.00004, 
		0.0001, (3) 0.00009, (3) 0.00008, (4) 0.00007, (6) 0.00006, (24) 0.00005, (9) 0.00004, 
		0.00012, (2) 0.00011, (2) 0.0001, (3) 0.00009, (4) 0.00008, (6) 0.00007, (20) 0.00006, (12) 0.00005, 
		0.00017, 0.00016, (2) 0.00015, 0.00014, (2) 0.00013, (3) 0.00012, (2) 0.00011, (4) 0.0001, (10) 0.00009, (17) 0.00008, (7) 0.00007, 
		0.00025, 0.00023, 0.00022, (2) 0.00021, 0.0002, 0.00019, (2) 0.00018, 0.00017, (2) 0.00016, (3) 0.00015, (3) 0.00014, (8) 0.00013, (12) 0.00012, (12) 0.00011, 
		0.00036, 0.00035, 0.00033, 0.00032, 0.0003, 0.00029, 0.00028, 0.00027, 0.00026, 0.00025, (2) 0.00024, 0.00023, (2) 0.00022, (2) 0.00021, (3) 0.0002, (7) 0.00019, (8) 0.00018, (8) 0.00017, (7) 0.00016, 
		0.00046, 0.00044, 0.00042, 0.0004, 0.00039, 0.00037, 0.00036, 0.00035, 0.00033, 0.00032, 0.00031, 0.0003, (2) 0.00029, 0.00028, (2) 0.00027, (2) 0.00026, (4) 0.00025, (5) 0.00024, (6) 0.00023, (7) 0.00022, (6) 0.00021, (3) 0.0002, 
		0.00054, 0.00052, 0.0005, 0.00048, 0.00046, 0.00044, 0.00042, 0.00041, 0.00039, 0.00038, 0.00037, 0.00036, 0.00035, 0.00034, 0.00033, (2) 0.00032, 0.00031, (2) 0.0003, (5) 0.00029, (5) 0.00028, (5) 0.00027, (6) 0.00026, (5) 0.00025, (4) 0.00024, 
		0.00059, 0.00056, 0.00054, 0.00052, 0.0005, 0.00048, 0.00046, 0.00045, 0.00043, 0.00042, 0.00041, 0.00039, 0.00038, 0.00037, (2) 0.00036, 0.00035, 0.00034, (3) 0.00033, (4) 0.00032, (5) 0.00031, (4) 0.0003, (5) 0.00029, (5) 0.00028, (5) 0.00027, 0.00026, 
		0.00061, 0.00058, 0.00056, 0.00054, 0.00052, 0.0005, 0.00048, 0.00047, 0.00045, 0.00044, 0.00042, 0.00041, 0.0004, 0.00039, 0.00038, (2) 0.00037, 0.00036, (2) 0.00035, (4) 0.00034, (4) 0.00033, (4) 0.00032, (5) 0.00031, (4) 0.0003, (5) 0.00029, (4) 0.00028, 
		0.00062, 0.00059, 0.00057, 0.00055, 0.00053, 0.00051, 0.0005, 0.00048, 0.00046, 0.00045, 0.00044, 0.00042, 0.00041, 0.0004, 0.00039, (2) 0.00038, 0.00037, (2) 0.00036, (4) 0.00035, (4) 0.00034, (4) 0.00033, (5) 0.00032, (4) 0.00031, (5) 0.0003, (4) 0.00029, 
		0.00062, 0.0006, 0.00057, 0.00055, 0.00053, 0.00052, 0.0005, 0.00048, 0.00047, 0.00045, 0.00044, 0.00043, 0.00042, 0.00041, 0.0004, 0.00039, (2) 0.00038, 0.00037, (4) 0.00036, (4) 0.00035, (4) 0.00034, (4) 0.00033, (4) 0.00032, (5) 0.00031, (4) 0.0003, (2) 0.00029, 
		0.00063, 0.00061, 0.00058, 0.00056, 0.00054, 0.00053, 0.00051, 0.00049, 0.00048, 0.00046, 0.00045, 0.00044, 0.00043, 0.00042, 0.00041, (2) 0.0004, 0.00039, (2) 0.00038, (4) 0.00037, (3) 0.00036, (4) 0.00035, (4) 0.00034, (5) 0.00033, (4) 0.00032, (4) 0.00031, (2) 0.0003, 
		0.00064, 0.00062, 0.0006, 0.00058, 0.00056, 0.00054, 0.00052, 0.00051, 0.00049, 0.00048, 0.00047, 0.00045, 0.00044, 0.00043, (2) 0.00042, 0.00041, (2) 0.0004, (2) 0.00039, (4) 0.00038, (3) 0.00037, (4) 0.00036, (4) 0.00035, (4) 0.00034, (4) 0.00033, (5) 0.00032, 0.00031, 
		0.00066, 0.00064, 0.00062, 0.0006, 0.00058, 0.00056, 0.00054, 0.00053, 0.00051, 0.0005, 0.00049, 0.00047, 0.00046, 0.00045, (2) 0.00044, 0.00043, (2) 0.00042, (2) 0.00041, (3) 0.0004, (4) 0.00039, (3) 0.00038, (4) 0.00037, (4) 0.00036, (4) 0.00035, (4) 0.00034, (3) 0.00033, 
		0.00069, 0.00067, 0.00065, 0.00063, 0.00061, 0.00059, 0.00057, 0.00056, 0.00054, 0.00053, 0.00051, 0.0005, 0.00049, 0.00048, 0.00047, (2) 0.00046, 0.00045, (2) 0.00044, (3) 0.00043, (3) 0.00042, (4) 0.00041, (3) 0.0004, (4) 0.00039, (3) 0.00038, (4) 0.00037, (4) 0.00036, (2) 0.00035, 
		0.00073, 0.00071, 0.00069, 0.00066, 0.00064, 0.00063, 0.00061, 0.00059, 0.00058, 0.00056, 0.00055, 0.00054, 0.00053, 0.00052, 0.00051, 0.0005, 0.00049, (2) 0.00048, (2) 0.00047, (3) 0.00046, (3) 0.00045, (3) 0.00044, (3) 0.00043, (4) 0.00042, (3) 0.00041, (4) 0.0004, (3) 0.00039, (3) 0.00038, 
		0.00076, 0.00074, 0.00072, 0.00069, 0.00067, 0.00066, 0.00064, 0.00062, 0.00061, 0.00059, 0.00058, 0.00057, 0.00056, 0.00055, 0.00054, 0.00053, 0.00052, (2) 0.00051, (2) 0.0005, (3) 0.00049, (2) 0.00048, (3) 0.00047, (3) 0.00046, (4) 0.00045, (3) 0.00044, (3) 0.00043, (3) 0.00042, (4) 0.00041, 0.0004, 
		0.0008, 0.00078, 0.00076, 0.00073, 0.00071, 0.0007, 0.00068, 0.00066, 0.00065, 0.00063, 0.00062, 0.00061, 0.0006, 0.00059, (2) 0.00057, 0.00056, 0.00055, (2) 0.00054, (3) 0.00053, (2) 0.00052, (3) 0.00051, (3) 0.0005, (3) 0.00049, (3) 0.00048, (3) 0.00047, (3) 0.00046, (3) 0.00045, (3) 0.00044, 0.00043, 
		0.00084, 0.00082, 0.0008, 0.00078, 0.00076, 0.00074, 0.00072, 0.0007, 0.00069, 0.00067, 0.00066, 0.00065, 0.00064, 0.00063, (2) 0.00061, 0.0006, 0.00059, (2) 0.00058, (2) 0.00057, (3) 0.00056, (2) 0.00055, (3) 0.00054, (3) 0.00053, (2) 0.00052, (3) 0.00051, (3) 0.0005, (3) 0.00049, (2) 0.00048, (3) 0.00047, 0.00046, 
		0.00089, 0.00087, 0.00085, 0.00083, 0.0008, 0.00079, 0.00077, 0.00075, 0.00074, 0.00072, 0.00071, 0.0007, 0.00069, 0.00067, 0.00066, (2) 0.00065, 0.00064, 0.00063, (3) 0.00062, (2) 0.00061, (2) 0.0006, (3) 0.00059, (2) 0.00058, (2) 0.00057, (3) 0.00056, (2) 0.00055, (3) 0.00054, (3) 0.00053, (2) 0.00052, (3) 0.00051, 0.0005, 
		0.00093, 0.00091, 0.00089, 0.00087, 0.00085, 0.00083, 0.00081, 0.0008, 0.00078, 0.00076, 0.00075, 0.00074, 0.00073, 0.00072, (2) 0.0007, 0.00069, 0.00068, (2) 0.00067, (2) 0.00066, (2) 0.00065, (2) 0.00064, (2) 0.00063, (3) 0.00062, (2) 0.00061, (2) 0.0006, (3) 0.00059, (2) 0.00058, (2) 0.00057, (3) 0.00056, (2) 0.00055, (3) 0.00054, 
		0.00097, 0.00095, 0.00093, 0.00091, 0.00089, 0.00087, 0.00085, 0.00084, 0.00082, 0.00081, 0.00079, 0.00078, 0.00077, 0.00076, 0.00075, 0.00074, 0.00073, (2) 0.00072, 0.00071, (2) 0.0007, (2) 0.00069, (2) 0.00068, (2) 0.00067, (2) 0.00066, (3) 0.00065, (2) 0.00064, (2) 0.00063, (2) 0.00062, (2) 0.00061, (3) 0.0006, (2) 0.00059, (3) 0.00058, 0.00057, 
		0.00102, 0.001, 0.00098, 0.00096, 0.00094, 0.00092, 0.00091, 0.00089, 0.00087, 0.00086, 0.00085, 0.00083, 0.00082, 0.00081, 0.0008, 0.00079, (2) 0.00078, 0.00077, 0.00076, (2) 0.00075, (2) 0.00074, (2) 0.00073, (2) 0.00072, (2) 0.00071, (2) 0.0007, (2) 0.00069, (2) 0.00068, (2) 0.00067, (2) 0.00066, (2) 0.00065, (2) 0.00064, (3) 0.00063, (2) 0.00062, 0.00061, 
		0.00107, 0.00105, 0.00103, 0.00101, 0.00099, 0.00097, 0.00096, 0.00094, 0.00092, 0.00091, 0.0009, 0.00089, 0.00087, 0.00086, 0.00085, (2) 0.00084, 0.00083, 0.00082, (2) 0.00081, 0.0008, (2) 0.00079, (2) 0.00078, (2) 0.00077, (2) 0.00076, 0.00075, (2) 0.00074, (2) 0.00073, (2) 0.00072, (2) 0.00071, (2) 0.0007, (2) 0.00069, (2) 0.00068, (2) 0.00067, (2) 0.00066, 0.00065, 
		0.00113, 0.00111, 0.00109, 0.00107, 0.00105, 0.00103, 0.00102, 0.001, 0.00099, 0.00097, 0.00096, 0.00095, 0.00093, 0.00092, 0.00091, (2) 0.0009, 0.00089, 0.00088, (2) 0.00087, 0.00086, (2) 0.00085, (2) 0.00084, 0.00083, (2) 0.00082, (2) 0.00081, (2) 0.0008, 0.00079, (2) 0.00078, (2) 0.00077, (2) 0.00076, (2) 0.00075, 0.00074, (2) 0.00073, (2) 0.00072, (2) 0.00071, 0.0007, 
		0.00119, 0.00117, 0.00115, 0.00113, 0.00111, 0.0011, 0.00108, 0.00106, 0.00105, 0.00103, 0.00102, 0.00101, 0.001, 0.00099, (2) 0.00097, 0.00096, 0.00095, 0.00094, (2) 0.00093, 0.00092, (2) 0.00091, (2) 0.0009, 0.00089, (2) 0.00088, 0.00087, (2) 0.00086, (2) 0.00085, 0.00084, (2) 0.00083, (2) 0.00082, 0.00081, (2) 0.0008, (2) 0.00079, (2) 0.00078, 0.00077, (2) 0.00076, 0.00075, 
		0.00125, 0.00123, 0.00121, 0.00119, 0.00117, 0.00116, 0.00114, 0.00113, 0.00111, 0.00109, 0.00108, 0.00107, 0.00106, 0.00105, 0.00104, 0.00103, 0.00102, (2) 0.00101, 0.001, 0.00099, (2) 0.00098, 0.00097, (2) 0.00096, 0.00095, 0.00094, (2) 0.00093, 0.00092, (2) 0.00091, (2) 0.0009, 0.00089, (2) 0.00088, 0.00087, (2) 0.00086, (2) 0.00085, 0.00084, (2) 0.00083, (2) 0.00082, 0.00081, 0.0008, 
		0.00132, 0.0013, 0.00128, 0.00126, 0.00124, 0.00123, 0.00121, 0.0012, 0.00118, 0.00117, 0.00115, 0.00114, 0.00113, 0.00112, 0.00111, 0.0011, 0.00109, (2) 0.00108, 0.00107, 0.00106, (2) 0.00105, 0.00104, 0.00103, (2) 0.00102, 0.00101, 0.001, (2) 0.00099, 0.00098, (2) 0.00097, 0.00096, (2) 0.00095, 0.00094, (2) 0.00093, 0.00092, (2) 0.00091, 0.0009, (2) 0.00089, 0.00088, (2) 0.00087, 0.00086, 
		0.00139, 0.00137, 0.00135, 0.00133, 0.00132, 0.0013, 0.00128, 0.00127, 0.00125, 0.00124, 0.00123, 0.00121, 0.0012, 0.00119, 0.00118, 0.00117, (2) 0.00116, 0.00115, 0.00114, (2) 0.00113, 0.00112, 0.00111, 0.0011, (2) 0.00109, 0.00108, 0.00107, 0.00106, (2) 0.00105, 0.00104, 0.00103, (2) 0.00102, 0.00101, (2) 0.001, 0.00099, 0.00098, (2) 0.00097, 0.00096, (2) 0.00095, 0.00094, (2) 0.00093, 0.00092, 
		0.00148, 0.00146, 0.00144, 0.00142, 0.0014, 0.00139, 0.00137, 0.00136, 0.00134, 0.00133, 0.00131, 0.0013, 0.00129, 0.00128, 0.00127, 0.00126, 0.00125, (2) 0.00124, 0.00123, 0.00122, 0.00121, 0.0012, (2) 0.00119, 0.00118, 0.00117, 0.00116, 0.00115, (2) 0.00114, 0.00113, 0.00112, 0.00111, (2) 0.0011, 0.00109, 0.00108, 0.00107, (2) 0.00106, 0.00105, 0.00104, (2) 0.00103, 0.00102, 0.00101, (2) 0.001, 0.00099, 
		0.00158, 0.00156, 0.00154, 0.00152, 0.0015, 0.00149, 0.00147, 0.00145, 0.00144, 0.00142, 0.00141, 0.0014, 0.00139, 0.00137, 0.00136, (2) 0.00135, 0.00134, 0.00133, 0.00132, 0.00131, 0.0013, (2) 0.00129, 0.00128, 0.00127, 0.00126, 0.00125, 0.00124, 0.00123, 0.00122, 0.00121, (2) 0.0012, 0.00119, 0.00118, 0.00117, 0.00116, (2) 0.00115, 0.00114, 0.00113, 0.00112, 0.00111, (2) 0.0011, 0.00109, 0.00108, (2) 0.00107, 
		0.00169, 0.00167, 0.00165, 0.00163, 0.00161, 0.00159, 0.00158, 0.00156, 0.00154, 0.00153, 0.00151, 0.0015, 0.00149, 0.00148, (2) 0.00146, 0.00145, 0.00144, 0.00143, 0.00142, 0.00141, 0.0014, 0.00139, 0.00138, 0.00137, 0.00136, 0.00135, 0.00134, 0.00133, 0.00132, (2) 0.00131, 0.0013, 0.00129, 0.00128, 0.00127, 0.00126, 0.00125, 0.00124, 0.00123, 0.00122, (2) 0.00121, 0.0012, 0.00119, 0.00118, 0.00117, 0.00116, (2) 0.00115, 
		0.00182, 0.0018, 0.00178, 0.00175, 0.00173, 0.00172, 0.0017, 0.00168, 0.00166, 0.00165, 0.00163, 0.00162, 0.00161, 0.00159, 0.00158, 0.00157, (2) 0.00156, 0.00155, 0.00154, 0.00153, 0.00152, 0.0015, 0.00149, 0.00148, 0.00147, 0.00146, 0.00145, 0.00144, 0.00143, 0.00142, 0.00141, 0.0014, 0.00139, 0.00138, 0.00137, 0.00136, 0.00135, 0.00134, 0.00133, 0.00132, 0.00131, 0.0013, 0.00129, 0.00128, (2) 0.00127, 0.00126, 0.00125, 0.00124, 
		0.00196, 0.00193, 0.00191, 0.00189, 0.00187, 0.00185, 0.00183, 0.00181, 0.00179, 0.00177, 0.00176, 0.00175, 0.00173, 0.00172, 0.0017, (2) 0.00169, 0.00168, 0.00167, 0.00166, 0.00165, 0.00163, 0.00162, 0.00161, 0.0016, 0.00159, 0.00158, 0.00156, 0.00155, 0.00154, 0.00153, 0.00152, 0.00151, 0.0015, 0.00149, 0.00148, 0.00147, 0.00146, 0.00145, 0.00143, 0.00142, 0.00141, 0.0014, 0.00139, 0.00138, 0.00137, 0.00136, 0.00135, (2) 0.00134, 
		0.00212, 0.00209, 0.00207, 0.00204, 0.00202, 0.002, 0.00198, 0.00196, 0.00194, 0.00192, 0.0019, 0.00189, 0.00187, 0.00186, 0.00184, 0.00183, 0.00182, 0.00181, 0.0018, 0.00179, 0.00178, 0.00176, 0.00175, 0.00174, 0.00173, 0.00171, 0.0017, 0.00169, 0.00168, 0.00167, 0.00165, 0.00164, 0.00163, 0.00162, 0.00161, 0.0016, 0.00158, 0.00157, 0.00156, 0.00155, 0.00154, 0.00153, 0.00152, 0.00151, 0.0015, 0.00148, 0.00147, 0.00146, 0.00145, 0.00144, 
		0.00231, 0.00228, 0.00225, 0.00222, 0.0022, 0.00217, 0.00215, 0.00213, 0.00211, 0.00209, 0.00207, 0.00205, 0.00203, 0.00202, 0.002, 0.00199, 0.00198, 0.00197, 0.00196, 0.00195, 0.00193, 0.00192, 0.0019, 0.00189, 0.00188, 0.00186, 0.00185, 0.00184, 0.00182, 0.00181, 0.0018, 0.00178, 0.00177, 0.00176, 0.00175, 0.00173, 0.00172, 0.00171, 0.0017, 0.00168, 0.00167, 0.00166, 0.00165, 0.00164, 0.00162, 0.00161, 0.0016, 0.00159, 0.00158, 0.00157, 
		0.0025, 0.00247, 0.00244, 0.00241, 0.00238, 0.00236, 0.00233, 0.00231, 0.00228, 0.00226, 0.00224, 0.00222, 0.0022, 0.00218, 0.00217, 0.00215, 0.00214, 0.00213, 0.00212, 0.0021, 0.00209, 0.00207, 0.00206, 0.00204, 0.00203, 0.00201, 0.002, 0.00199, 0.00197, 0.00196, 0.00194, 0.00193, 0.00192, 0.0019, 0.00189, 0.00187, 0.00186, 0.00185, 0.00183, 0.00182, 0.00181, 0.00179, 0.00178, 0.00177, 0.00176, 0.00174, 0.00173, 0.00172, 0.00171, 0.00169, 
		0.00273, 0.00269, 0.00266, 0.00263, 0.0026, 0.00257, 0.00254, 0.00251, 0.00248, 0.00246, 0.00243, 0.00241, 0.00239, 0.00237, 0.00235, 0.00234, 0.00232, 0.00231, 0.00229, 0.00228, 0.00226, 0.00225, 0.00223, 0.00222, 0.0022, 0.00218, 0.00217, 0.00215, 0.00214, 0.00212, 0.00211, 0.00209, 0.00208, 0.00206, 0.00205, 0.00203, 0.00202, 0.002, 0.00199, 0.00197, 0.00196, 0.00195, 0.00193, 0.00192, 0.0019, 0.00189, 0.00188, 0.00186, 0.00185, 0.00184, 
		0.00297, 0.00293, 0.00289, 0.00285, 0.00281, 0.00278, 0.00275, 0.00272, 0.00269, 0.00266, 0.00263, 0.00261, 0.00258, 0.00256, 0.00254, 0.00252, 0.0025, 0.00249, 0.00247, 0.00246, 0.00244, 0.00242, 0.00241, 0.00239, 0.00237, 0.00235, 0.00234, 0.00232, 0.0023, 0.00229, 0.00227, 0.00225, 0.00224, 0.00222, 0.00221, 0.00219, 0.00217, 0.00216, 0.00214, 0.00213, 0.00211, 0.0021, 0.00208, 0.00207, 0.00205, 0.00204, 0.00202, 0.00201, 0.00199, 0.00198, 
		0.00324, 0.00319, 0.00314, 0.0031, 0.00306, 0.00302, 0.00298, 0.00295, 0.00291, 0.00288, 0.00285, 0.00282, 0.00279, 0.00277, 0.00274, 0.00272, 0.0027, 0.00269, 0.00267, 0.00265, 0.00263, 0.00261, 0.00259, 0.00257, 0.00256, 0.00254, 0.00252, 0.0025, 0.00248, 0.00247, 0.00245, 0.00243, 0.00241, 0.0024, 0.00238, 0.00236, 0.00234, 0.00233, 0.00231, 0.00229, 0.00228, 0.00226, 0.00225, 0.00223, 0.00221, 0.0022, 0.00218, 0.00217, 0.00215, 0.00213, 
		0.00351, 0.00346, 0.00341, 0.00335, 0.00331, 0.00326, 0.00322, 0.00318, 0.00314, 0.0031, 0.00306, 0.00303, 0.003, 0.00297, 0.00294, 0.00292, 0.0029, 0.00288, 0.00286, 0.00284, 0.00282, 0.0028, 0.00278, 0.00276, 0.00274, 0.00272, 0.0027, 0.00268, 0.00266, 0.00264, 0.00262, 0.0026, 0.00258, 0.00257, 0.00255, 0.00253, 0.00251, 0.00249, 0.00247, 0.00246, 0.00244, 0.00242, 0.0024, 0.00239, 0.00237, 0.00235, 0.00234, 0.00232, 0.0023, 0.00229, 
		0.00382, 0.00375, 0.00369, 0.00363, 0.00358, 0.00353, 0.00348, 0.00343, 0.00338, 0.00333, 0.0033, 0.00326, 0.00322, 0.00319, 0.00315, 0.00313, 0.00311, 0.00308, 0.00306, 0.00303, 0.00301, 0.00299, 0.00297, 0.00295, 0.00293, 0.00291, 0.00289, 0.00287, 0.00284, 0.00282, 0.0028, 0.00278, 0.00276, 0.00274, 0.00272, 0.0027, 0.00269, 0.00267, 0.00265, 0.00263, 0.00261, 0.00259, 0.00257, 0.00255, 0.00253, 0.00252, 0.0025, 0.00248, 0.00246, 0.00245, 
		0.00413, 0.00405, 0.00399, 0.00392, 0.00385, 0.00379, 0.00373, 0.00368, 0.00362, 0.00357, 0.00352, 0.00348, 0.00344, 0.0034, 0.00336, 0.00333, 0.0033, 0.00328, 0.00325, 0.00322, 0.0032, 0.00318, 0.00315, 0.00313, 0.00311, 0.00309, 0.00306, 0.00304, 0.00302, 0.003, 0.00298, 0.00296, 0.00293, 0.00291, 0.00289, 0.00287, 0.00285, 0.00283, 0.00281, 0.00279, 0.00277, 0.00275, 0.00273, 0.00271, 0.00269, 0.00267, 0.00265, 0.00263, 0.00262, 0.0026, 
		0.00448, 0.00438, 0.0043, 0.00422, 0.00414, 0.00407, 0.00401, 0.00394, 0.00388, 0.00381, 0.00376, 0.00371, 0.00367, 0.00362, 0.00357, 0.00354, 0.00351, 0.00348, 0.00344, 0.00341, 0.00339, 0.00336, 0.00334, 0.00332, 0.00329, 0.00327, 0.00325, 0.00322, 0.0032, 0.00318, 0.00315, 0.00313, 0.00311, 0.00309, 0.00306, 0.00304, 0.00302, 0.003, 0.00298, 0.00296, 0.00293, 0.00291, 0.00289, 0.00287, 0.00285, 0.00283, 0.00281, 0.00279, 0.00277, 0.00275, 
		0.00484, 0.00473, 0.00464, 0.00454, 0.00445, 0.00437, 0.00429, 0.00422, 0.00414, 0.00407, 0.00401, 0.00396, 0.0039, 0.00385, 0.00379, 0.00376, 0.00372, 0.00368, 0.00365, 0.00361, 0.00359, 0.00356, 0.00353, 0.00351, 0.00348, 0.00346, 0.00343, 0.00341, 0.00338, 0.00336, 0.00334, 0.00331, 0.00329, 0.00326, 0.00324, 0.00322, 0.0032, 0.00317, 0.00315, 0.00313, 0.0031, 0.00308, 0.00306, 0.00304, 0.00302, 0.00299, 0.00297, 0.00295, 0.00293, 0.00291, 
		0.00524, 0.00512, 0.00501, 0.0049, 0.00479, 0.0047, 0.00461, 0.00452, 0.00444, 0.00435, 0.00429, 0.00422, 0.00416, 0.0041, 0.00404, 0.00399, 0.00395, 0.00391, 0.00387, 0.00383, 0.0038, 0.00378, 0.00375, 0.00372, 0.00369, 0.00367, 0.00364, 0.00362, 0.00359, 0.00356, 0.00354, 0.00351, 0.00349, 0.00346, 0.00344, 0.00341, 0.00339, 0.00336, 0.00334, 0.00332, 0.00329, 0.00327, 0.00325, 0.00322, 0.0032, 0.00318, 0.00315, 0.00313, 0.00311, 0.00309, 
		0.00568, 0.00554, 0.00541, 0.00529, 0.00517, 0.00506, 0.00496, 0.00486, 0.00476, 0.00466, 0.00459, 0.00452, 0.00444, 0.00437, 0.0043, 0.00426, 0.00421, 0.00416, 0.00411, 0.00407, 0.00404, 0.00401, 0.00398, 0.00395, 0.00393, 0.0039, 0.00387, 0.00384, 0.00381, 0.00379, 0.00376, 0.00373, 0.00371, 0.00368, 0.00365, 0.00363, 0.0036, 0.00357, 0.00355, 0.00352, 0.0035, 0.00347, 0.00345, 0.00342, 0.0034, 0.00337, 0.00335, 0.00333, 0.0033, 0.00328, 
		0.00617, 0.00601, 0.00586, 0.00572, 0.00558, 0.00546, 0.00534, 0.00523, 0.00512, 0.00501, 0.00492, 0.00484, 0.00476, 0.00468, 0.0046, 0.00454, 0.00449, 0.00444, 0.00439, 0.00433, 0.0043, 0.00427, 0.00424, 0.00421, 0.00418, 0.00415, 0.00412, 0.00409, 0.00406, 0.00403, 0.004, 0.00398, 0.00395, 0.00392, 0.00389, 0.00386, 0.00384, 0.00381, 0.00378, 0.00375, 0.00373, 0.0037, 0.00367, 0.00365, 0.00362, 0.00359, 0.00357, 0.00354, 0.00352, 0.00349, 
		0.00673, 0.00654, 0.00637, 0.00621, 0.00605, 0.00591, 0.00578, 0.00565, 0.00552, 0.0054, 0.0053, 0.00521, 0.00512, 0.00503, 0.00494, 0.00488, 0.00482, 0.00476, 0.0047, 0.00464, 0.00461, 0.00457, 0.00454, 0.00451, 0.00448, 0.00444, 0.00441, 0.00438, 0.00435, 0.00432, 0.00429, 0.00426, 0.00423, 0.00419, 0.00416, 0.00413, 0.00411, 0.00408, 0.00405, 0.00402, 0.00399, 0.00396, 0.00393, 0.0039, 0.00388, 0.00385, 0.00382, 0.00379, 0.00377, 0.00374, 
		0.00735, 0.00714, 0.00695, 0.00676, 0.00658, 0.00642, 0.00627, 0.00612, 0.00598, 0.00584, 0.00573, 0.00562, 0.00552, 0.00542, 0.00532, 0.00525, 0.00518, 0.00511, 0.00505, 0.00498, 0.00494, 0.00491, 0.00487, 0.00484, 0.0048, 0.00477, 0.00474, 0.0047, 0.00467, 0.00463, 0.0046, 0.00457, 0.00454, 0.0045, 0.00447, 0.00444, 0.00441, 0.00438, 0.00434, 0.00431, 0.00428, 0.00425, 0.00422, 0.00419, 0.00416, 0.00413, 0.0041, 0.00407, 0.00404, 0.00401, 
		0.00806, 0.00782, 0.0076, 0.00739, 0.00718, 0.007, 0.00683, 0.00666, 0.0065, 0.00634, 0.00622, 0.0061, 0.00598, 0.00586, 0.00575, 0.00567, 0.00559, 0.00552, 0.00544, 0.00537, 0.00533, 0.00529, 0.00525, 0.00522, 0.00518, 0.00514, 0.0051, 0.00507, 0.00503, 0.005, 0.00496, 0.00492, 0.00489, 0.00485, 0.00482, 0.00478, 0.00475, 0.00472, 0.00468, 0.00465, 0.00462, 0.00458, 0.00455, 0.00452, 0.00448, 0.00445, 0.00442, 0.00439, 0.00436, 0.00433, 
		0.00886, 0.00858, 0.00833, 0.00809, 0.00786, 0.00765, 0.00746, 0.00727, 0.00708, 0.0069, 0.00676, 0.00662, 0.00649, 0.00636, 0.00623, 0.00614, 0.00605, 0.00597, 0.00588, 0.0058, 0.00576, 0.00572, 0.00568, 0.00564, 0.00559, 0.00555, 0.00551, 0.00548, 0.00544, 0.0054, 0.00536, 0.00532, 0.00528, 0.00524, 0.00521, 0.00517, 0.00513, 0.0051, 0.00506, 0.00502, 0.00499, 0.00495, 0.00492, 0.00488, 0.00484, 0.00481, 0.00478, 0.00474, 0.00471, 0.00467, 
		0.00976, 0.00944, 0.00915, 0.00888, 0.00861, 0.00838, 0.00816, 0.00794, 0.00773, 0.00752, 0.00736, 0.00721, 0.00706, 0.00691, 0.00676, 0.00666, 0.00657, 0.00647, 0.00637, 0.00628, 0.00624, 0.00619, 0.00615, 0.0061, 0.00606, 0.00602, 0.00597, 0.00593, 0.00589, 0.00584, 0.0058, 0.00576, 0.00572, 0.00568, 0.00564, 0.0056, 0.00556, 0.00552, 0.00548, 0.00544, 0.0054, 0.00536, 0.00532, 0.00528, 0.00525, 0.00521, 0.00517, 0.00513, 0.0051, 0.00506, 
		0.01076, 0.01039, 0.01007, 0.00975, 0.00945, 0.00919, 0.00893, 0.00869, 0.00845, 0.00821, 0.00803, 0.00786, 0.00769, 0.00752, 0.00736, 0.00724, 0.00713, 0.00703, 0.00692, 0.00681, 0.00677, 0.00672, 0.00667, 0.00662, 0.00657, 0.00653, 0.00648, 0.00643, 0.00639, 0.00634, 0.0063, 0.00625, 0.00621, 0.00616, 0.00612, 0.00607, 0.00603, 0.00599, 0.00594, 0.0059, 0.00586, 0.00582, 0.00578, 0.00573, 0.00569, 0.00565, 0.00561, 0.00557, 0.00553, 0.00549, 
		0.01189, 0.01147, 0.01111, 0.01075, 0.0104, 0.01011, 0.00982, 0.00955, 0.00928, 0.00901, 0.00881, 0.00861, 0.00842, 0.00823, 0.00805, 0.00792, 0.0078, 0.00768, 0.00756, 0.00744, 0.00739, 0.00734, 0.00728, 0.00723, 0.00718, 0.00713, 0.00708, 0.00703, 0.00698, 0.00693, 0.00688, 0.00683, 0.00678, 0.00673, 0.00668, 0.00663, 0.00659, 0.00654, 0.00649, 0.00645, 0.0064, 0.00635, 0.00631, 0.00626, 0.00622, 0.00617, 0.00613, 0.00608, 0.00604, 0.006, 
		0.01314, 0.01267, 0.01226, 0.01186, 0.01147, 0.01114, 0.01082, 0.01051, 0.01021, 0.00992, 0.00969, 0.00947, 0.00926, 0.00905, 0.00884, 0.0087, 0.00856, 0.00843, 0.0083, 0.00816, 0.00811, 0.00805, 0.00799, 0.00793, 0.00788, 0.00782, 0.00776, 0.00771, 0.00765, 0.0076, 0.00754, 0.00749, 0.00744, 0.00738, 0.00733, 0.00728, 0.00723, 0.00717, 0.00712, 0.00707, 0.00702, 0.00697, 0.00692, 0.00687, 0.00682, 0.00677, 0.00672, 0.00668, 0.00663, 0.00658, 
		0.01454, 0.01402, 0.01356, 0.01312, 0.01269, 0.01232, 0.01197, 0.01162, 0.01128, 0.01096, 0.01071, 0.01047, 0.01023, 0.00999, 0.00977, 0.00961, 0.00946, 0.00931, 0.00916, 0.00902, 0.00895, 0.00889, 0.00882, 0.00876, 0.0087, 0.00864, 0.00857, 0.00851, 0.00845, 0.00839, 0.00833, 0.00827, 0.00821, 0.00815, 0.00809, 0.00804, 0.00798, 0.00792, 0.00787, 0.00781, 0.00775, 0.0077, 0.00764, 0.00759, 0.00753, 0.00748, 0.00743, 0.00737, 0.00732, 0.00727, 
		0.01607, 0.0155, 0.015, 0.01451, 0.01404, 0.01364, 0.01324, 0.01286, 0.0125, 0.01214, 0.01186, 0.01159, 0.01133, 0.01107, 0.01082, 0.01065, 0.01048, 0.01032, 0.01015, 0.00999, 0.00992, 0.00985, 0.00978, 0.00971, 0.00964, 0.00957, 0.0095, 0.00944, 0.00937, 0.0093, 0.00924, 0.00917, 0.0091, 0.00904, 0.00897, 0.00891, 0.00885, 0.00878, 0.00872, 0.00866, 0.0086, 0.00853, 0.00847, 0.00841, 0.00835, 0.00829, 0.00823, 0.00817, 0.00812, 0.00806, 
		0.01777, 0.01715, 0.0166, 0.01607, 0.01556, 0.01512, 0.01469, 0.01427, 0.01387, 0.01348, 0.01318, 0.01288, 0.0126, 0.01232, 0.01204, 0.01185, 0.01167, 0.01149, 0.01131, 0.01113, 0.01105, 0.01097, 0.0109, 0.01082, 0.01074, 0.01066, 0.01059, 0.01051, 0.01044, 0.01036, 0.01029, 0.01021, 0.01014, 0.01007, 0.01, 0.00992, 0.00985, 0.00978, 0.00971, 0.00964, 0.00957, 0.00951, 0.00944, 0.00937, 0.0093, 0.00924, 0.00917, 0.00911, 0.00904, 0.00898, 
		0.01963, 0.01895, 0.01836, 0.01778, 0.01722, 0.01674, 0.01628, 0.01582, 0.01539, 0.01496, 0.01463, 0.01431, 0.014, 0.01369, 0.01339, 0.01318, 0.01298, 0.01278, 0.01259, 0.0124, 0.01231, 0.01222, 0.01213, 0.01205, 0.01196, 0.01187, 0.01179, 0.0117, 0.01162, 0.01154, 0.01146, 0.01137, 0.01129, 0.01121, 0.01113, 0.01105, 0.01097, 0.01089, 0.01082, 0.01074, 0.01066, 0.01059, 0.01051, 0.01044, 0.01036, 0.01029, 0.01021, 0.01014, 0.01007, 0.01, 
		0.02167, 0.02094, 0.0203, 0.01967, 0.01906, 0.01854, 0.01804, 0.01755, 0.01707, 0.0166, 0.01625, 0.0159, 0.01556, 0.01522, 0.0149, 0.01467, 0.01445, 0.01424, 0.01402, 0.01381, 0.01371, 0.01361, 0.01352, 0.01342, 0.01333, 0.01323, 0.01314, 0.01304, 0.01295, 0.01286, 0.01276, 0.01267, 0.01258, 0.01249, 0.0124, 0.01231, 0.01223, 0.01214, 0.01205, 0.01197, 0.01188, 0.0118, 0.01171, 0.01163, 0.01155, 0.01146, 0.01138, 0.0113, 0.01122, 0.01114, 
		0.02397, 0.02317, 0.02248, 0.0218, 0.02114, 0.02058, 0.02003, 0.0195, 0.01898, 0.01847, 0.01808, 0.0177, 0.01733, 0.01696, 0.01661, 0.01636, 0.01612, 0.01589, 0.01565, 0.01542, 0.01531, 0.0152, 0.0151, 0.01499, 0.01488, 0.01477, 0.01467, 0.01456, 0.01446, 0.01436, 0.01426, 0.01415, 0.01405, 0.01395, 0.01385, 0.01375, 0.01366, 0.01356, 0.01346, 0.01336, 0.01327, 0.01317, 0.01308, 0.01299, 0.01289, 0.0128, 0.01271, 0.01262, 0.01253, 0.01244, 
		0.02656, 0.02571, 0.02495, 0.02422, 0.0235, 0.02289, 0.0223, 0.02172, 0.02115, 0.0206, 0.02018, 0.01976, 0.01936, 0.01896, 0.01857, 0.0183, 0.01804, 0.01778, 0.01753, 0.01728, 0.01715, 0.01703, 0.01691, 0.01679, 0.01667, 0.01655, 0.01643, 0.01632, 0.0162, 0.01608, 0.01597, 0.01586, 0.01574, 0.01563, 0.01552, 0.01541, 0.0153, 0.01519, 0.01508, 0.01497, 0.01487, 0.01476, 0.01466, 0.01455, 0.01445, 0.01434, 0.01424, 0.01414, 0.01404, 0.01394, 
		0.02955, 0.02862, 0.0278, 0.02701, 0.02623, 0.02557, 0.02492, 0.02429, 0.02367, 0.02307, 0.02261, 0.02216, 0.02172, 0.02128, 0.02086, 0.02056, 0.02028, 0.02, 0.01972, 0.01944, 0.0193, 0.01917, 0.01903, 0.01889, 0.01876, 0.01863, 0.01849, 0.01836, 0.01823, 0.0181, 0.01797, 0.01784, 0.01772, 0.01759, 0.01746, 0.01734, 0.01722, 0.01709, 0.01697, 0.01685, 0.01673, 0.01661, 0.01649, 0.01638, 0.01626, 0.01614, 0.01603, 0.01591, 0.0158, 0.01569, 
		0.03297, 0.03197, 0.03108, 0.03022, 0.02938, 0.02866, 0.02796, 0.02727, 0.0266, 0.02595, 0.02544, 0.02495, 0.02447, 0.02399, 0.02353, 0.02321, 0.0229, 0.02259, 0.02228, 0.02198, 0.02183, 0.02167, 0.02152, 0.02136, 0.02121, 0.02106, 0.02091, 0.02076, 0.02061, 0.02047, 0.02032, 0.02018, 0.02003, 0.01989, 0.01975, 0.01961, 0.01947, 0.01933, 0.01919, 0.01906, 0.01892, 0.01879, 0.01865, 0.01852, 0.01839, 0.01826, 0.01813, 0.018, 0.01787, 0.01774, 
		0.03692, 0.03584, 0.03488, 0.03395, 0.03304, 0.03226, 0.0315, 0.03075, 0.03002, 0.02931, 0.02877, 0.02823, 0.0277, 0.02719, 0.02668, 0.02633, 0.02599, 0.02565, 0.02532, 0.02499, 0.02481, 0.02463, 0.02446, 0.02429, 0.02411, 0.02394, 0.02377, 0.0236, 0.02344, 0.02327, 0.0231, 0.02294, 0.02278, 0.02261, 0.02245, 0.02229, 0.02214, 0.02198, 0.02182, 0.02167, 0.02151, 0.02136, 0.02121, 0.02106, 0.02091, 0.02076, 0.02061, 0.02046, 0.02032, 0.02017, 
		0.04143, 0.04027, 0.03924, 0.03824, 0.03726, 0.03642, 0.03559, 0.03479, 0.034, 0.03323, 0.03264, 0.03205, 0.03148, 0.03092, 0.03036, 0.02999, 0.02961, 0.02924, 0.02888, 0.02852, 0.02832, 0.02812, 0.02792, 0.02772, 0.02752, 0.02733, 0.02713, 0.02694, 0.02675, 0.02656, 0.02637, 0.02619, 0.026, 0.02582, 0.02563, 0.02545, 0.02527, 0.02509, 0.02491, 0.02474, 0.02456, 0.02439, 0.02421, 0.02404, 0.02387, 0.0237, 0.02353, 0.02336, 0.0232, 0.02303, 
		0.0466, 0.04535, 0.04425, 0.04317, 0.04212, 0.04122, 0.04033, 0.03946, 0.03861, 0.03778, 0.03714, 0.03651, 0.03589, 0.03528, 0.03468, 0.03427, 0.03386, 0.03346, 0.03307, 0.03268, 0.03244, 0.03221, 0.03199, 0.03176, 0.03154, 0.03131, 0.03109, 0.03087, 0.03065, 0.03044, 0.03022, 0.03001, 0.02979, 0.02958, 0.02937, 0.02917, 0.02896, 0.02875, 0.02855, 0.02835, 0.02815, 0.02795, 0.02775, 0.02755, 0.02736, 0.02716, 0.02697, 0.02678, 0.02659, 0.0264, 
		0.05245, 0.05113, 0.04996, 0.04881, 0.04769, 0.04672, 0.04577, 0.04484, 0.04393, 0.04304, 0.04235, 0.04167, 0.04101, 0.04035, 0.0397, 0.03926, 0.03882, 0.03838, 0.03796, 0.03753, 0.03727, 0.037, 0.03674, 0.03648, 0.03623, 0.03597, 0.03572, 0.03546, 0.03521, 0.03496, 0.03472, 0.03447, 0.03423, 0.03399, 0.03375, 0.03351, 0.03327, 0.03304, 0.0328, 0.03257, 0.03234, 0.03211, 0.03188, 0.03166, 0.03143, 0.03121, 0.03099, 0.03077, 0.03055, 0.03034, 
		0.05906, 0.05767, 0.05642, 0.05521, 0.05401, 0.05299, 0.05197, 0.05098, 0.05001, 0.04905, 0.04832, 0.04759, 0.04687, 0.04617, 0.04547, 0.04499, 0.04452, 0.04405, 0.04359, 0.04313, 0.04283, 0.04253, 0.04223, 0.04193, 0.04163, 0.04134, 0.04105, 0.04076, 0.04047, 0.04019, 0.03991, 0.03963, 0.03935, 0.03907, 0.03879, 0.03852, 0.03825, 0.03798, 0.03771, 0.03744, 0.03718, 0.03692, 0.03666, 0.0364, 0.03614, 0.03589, 0.03563, 0.03538, 0.03513, 0.03488, 
		0.06649, 0.06502, 0.06371, 0.06243, 0.06117, 0.06008, 0.05901, 0.05796, 0.05692, 0.05591, 0.05512, 0.05434, 0.05358, 0.05282, 0.05208, 0.05157, 0.05106, 0.05056, 0.05007, 0.04957, 0.04923, 0.04888, 0.04854, 0.0482, 0.04786, 0.04752, 0.04719, 0.04686, 0.04653, 0.0462, 0.04588, 0.04556, 0.04524, 0.04492, 0.0446, 0.04429, 0.04398, 0.04367, 0.04336, 0.04306, 0.04275, 0.04245, 0.04215, 0.04186, 0.04156, 0.04127, 0.04098, 0.04069, 0.0404, 0.04012, 
		0.07477, 0.07323, 0.07186, 0.07051, 0.06919, 0.06805, 0.06692, 0.06581, 0.06472, 0.06365, 0.06281, 0.06199, 0.06118, 0.06038, 0.05959, 0.05905, 0.05851, 0.05798, 0.05745, 0.05692, 0.05653, 0.05613, 0.05574, 0.05535, 0.05496, 0.05458, 0.0542, 0.05382, 0.05344, 0.05307, 0.0527, 0.05233, 0.05196, 0.0516, 0.05124, 0.05088, 0.05052, 0.05017, 0.04981, 0.04946, 0.04912, 0.04877, 0.04843, 0.04809, 0.04775, 0.04742, 0.04709, 0.04676, 0.04643, 0.0461, 
		0.08395, 0.08236, 0.08094, 0.07954, 0.07816, 0.07697, 0.07579, 0.07463, 0.07349, 0.07237, 0.07149, 0.07063, 0.06978, 0.06894, 0.0681, 0.06753, 0.06696, 0.0664, 0.06584, 0.06529, 0.06483, 0.06438, 0.06393, 0.06349, 0.06305, 0.06261, 0.06217, 0.06174, 0.06131, 0.06088, 0.06046, 0.06003, 0.05962, 0.0592, 0.05879, 0.05838, 0.05797, 0.05756, 0.05716, 0.05676, 0.05637, 0.05597, 0.05558, 0.05519, 0.05481, 0.05442, 0.05404, 0.05366, 0.05329, 0.05292, 
		0.09406, 0.09242, 0.09096, 0.08952, 0.0881, 0.08687, 0.08565, 0.08445, 0.08327, 0.0821, 0.0812, 0.0803, 0.07941, 0.07853, 0.07766, 0.07707, 0.07647, 0.07588, 0.0753, 0.07472, 0.0742, 0.07369, 0.07318, 0.07267, 0.07216, 0.07166, 0.07117, 0.07067, 0.07018, 0.0697, 0.06921, 0.06873, 0.06826, 0.06778, 0.06731, 0.06684, 0.06638, 0.06592, 0.06546, 0.065, 0.06455, 0.0641, 0.06366, 0.06321, 0.06277, 0.06234, 0.0619, 0.06147, 0.06104, 0.06062, 
		0.10496, 0.1033, 0.10181, 0.10034, 0.09889, 0.09763, 0.09639, 0.09516, 0.09395, 0.09275, 0.09181, 0.09089, 0.08997, 0.08907, 0.08817, 0.08755, 0.08694, 0.08633, 0.08572, 0.08512, 0.08453, 0.08395, 0.08337, 0.0828, 0.08223, 0.08166, 0.0811, 0.08054, 0.07998, 0.07943, 0.07888, 0.07834, 0.0778, 0.07726, 0.07672, 0.07619, 0.07567, 0.07514, 0.07462, 0.07411, 0.07359, 0.07308, 0.07258, 0.07208, 0.07158, 0.07108, 0.07059, 0.0701, 0.06961, 0.06913, 
		0.11653, 0.11486, 0.11336, 0.11189, 0.11042, 0.10915, 0.10789, 0.10665, 0.10542, 0.1042, 0.10325, 0.10231, 0.10138, 0.10045, 0.09954, 0.09891, 0.09828, 0.09765, 0.09703, 0.09642, 0.09576, 0.0951, 0.09445, 0.0938, 0.09316, 0.09252, 0.09189, 0.09126, 0.09063, 0.09001, 0.08939, 0.08878, 0.08817, 0.08756, 0.08696, 0.08636, 0.08577, 0.08518, 0.08459, 0.08401, 0.08343, 0.08285, 0.08228, 0.08171, 0.08115, 0.08059, 0.08004, 0.07948, 0.07893, 0.07839, 
		0.12864, 0.12699, 0.1255, 0.12403, 0.12258, 0.12131, 0.12005, 0.11881, 0.11758, 0.11635, 0.1154, 0.11446, 0.11352, 0.1126, 0.11167, 0.11104, 0.1104, 0.10977, 0.10915, 0.10853, 0.10779, 0.10705, 0.10633, 0.1056, 0.10488, 0.10417, 0.10346, 0.10275, 0.10205, 0.10135, 0.10066, 0.09998, 0.09929, 0.09861, 0.09794, 0.09727, 0.0966, 0.09594, 0.09529, 0.09463, 0.09399, 0.09334, 0.0927, 0.09207, 0.09143, 0.09081, 0.09018, 0.08956, 0.08895, 0.08834, 
		0.14116, 0.13955, 0.1381, 0.13666, 0.13523, 0.13398, 0.13275, 0.13153, 0.13031, 0.12911, 0.12817, 0.12724, 0.12631, 0.12539, 0.12448, 0.12385, 0.12322, 0.1226, 0.12197, 0.12135, 0.12054, 0.11972, 0.11891, 0.11811, 0.11731, 0.11651, 0.11572, 0.11494, 0.11416, 0.11339, 0.11262, 0.11185, 0.11109, 0.11034, 0.10959, 0.10885, 0.1081, 0.10737, 0.10664, 0.10591, 0.10519, 0.10447, 0.10376, 0.10306, 0.10235, 0.10165, 0.10096, 0.10027, 0.09959, 0.09891, 
		0.15436, 0.15281, 0.15141, 0.15002, 0.14864, 0.14744, 0.14624, 0.14506, 0.14388, 0.14271, 0.1418, 0.14089, 0.13999, 0.1391, 0.13821, 0.13759, 0.13698, 0.13637, 0.13576, 0.13515, 0.13425, 0.13335, 0.13245, 0.13156, 0.13068, 0.1298, 0.12893, 0.12806, 0.1272, 0.12634, 0.12549, 0.12464, 0.1238, 0.12297, 0.12214, 0.12131, 0.12049, 0.11968, 0.11887, 0.11807, 0.11727, 0.11647, 0.11568, 0.1149, 0.11412, 0.11335, 0.11258, 0.11181, 0.11106, 0.1103, 
		0.16879, 0.16737, 0.16609, 0.16482, 0.16355, 0.16244, 0.16134, 0.16025, 0.15916, 0.15808, 0.15724, 0.1564, 0.15556, 0.15473, 0.1539, 0.15333, 0.15276, 0.15219, 0.15162, 0.15106, 0.15006, 0.14906, 0.14806, 0.14708, 0.1461, 0.14512, 0.14416, 0.14319, 0.14224, 0.14129, 0.14034, 0.13941, 0.13847, 0.13755, 0.13662, 0.13571, 0.1348, 0.13389, 0.133, 0.1321, 0.13122, 0.13033, 0.12946, 0.12859, 0.12772, 0.12686, 0.12601, 0.12516, 0.12431, 0.12348, 
		0.18136, 0.18017, 0.1791, 0.17803, 0.17697, 0.17604, 0.17512, 0.17419, 0.17328, 0.17236, 0.17165, 0.17094, 0.17023, 0.16952, 0.16882, 0.16833, 0.16784, 0.16736, 0.16687, 0.16639, 0.16529, 0.1642, 0.16312, 0.16204, 0.16097, 0.15991, 0.15885, 0.1578, 0.15675, 0.15571, 0.15468, 0.15365, 0.15263, 0.15162, 0.15061, 0.14961, 0.14861, 0.14762, 0.14664, 0.14566, 0.14469, 0.14373, 0.14277, 0.14181, 0.14087, 0.13992, 0.13899, 0.13806, 0.13713, 0.13621, 
		0.19895, 0.19806, 0.19725, 0.19644, 0.19563, 0.19493, 0.19422, 0.19352, 0.19282, 0.19212, 0.19157, 0.19103, 0.19048, 0.18994, 0.1894, 0.18902, 0.18865, 0.18828, 0.1879, 0.18753, 0.18631, 0.18509, 0.18388, 0.18268, 0.18149, 0.1803, 0.17912, 0.17795, 0.17678, 0.17562, 0.17447, 0.17333, 0.17219, 0.17106, 0.16993, 0.16881, 0.1677, 0.16659, 0.1655, 0.1644, 0.16332, 0.16224, 0.16117, 0.1601, 0.15904, 0.15799, 0.15694, 0.1559, 0.15487, 0.15384, 
		0.21623, 0.21573, 0.21526, 0.2148, 0.21434, 0.21394, 0.21354, 0.21313, 0.21273, 0.21233, 0.21201, 0.2117, 0.21138, 0.21107, 0.21076, 0.21054, 0.21032, 0.2101, 0.20989, 0.20967, 0.20832, 0.20698, 0.20564, 0.20431, 0.20299, 0.20168, 0.20038, 0.19908, 0.19779, 0.19651, 0.19523, 0.19397, 0.19271, 0.19145, 0.19021, 0.18897, 0.18774, 0.18652, 0.1853, 0.18409, 0.18289, 0.18169, 0.1805, 0.17932, 0.17815, 0.17698, 0.17582, 0.17467, 0.17352, 0.17238, 
		0.23342, 0.23338, 0.23334, 0.2333, 0.23326, 0.23323, 0.23319, 0.23316, 0.23312, 0.23309, 0.23306, 0.23303, 0.23301, 0.23298, 0.23295, 0.23294, 0.23292, 0.2329, 0.23288, 0.23286, 0.23138, 0.22991, 0.22844, 0.22699, 0.22554, 0.2241, 0.22267, 0.22125, 0.21983, 0.21842, 0.21702, 0.21563, 0.21425, 0.21287, 0.2115, 0.21014, 0.20879, 0.20744, 0.20611, 0.20478, 0.20345, 0.20214, 0.20083, 0.19953, 0.19824, 0.19696, 0.19568, 0.19441, 0.19315, 0.19189, 
		(3) 0.24598, (4) 0.24597, (4) 0.24596, (5) 0.24595, (4) 0.24594, 0.24439, 0.24285, 0.24131, 0.23978, 0.23827, 0.23675, 0.23525, 0.23376, 0.23227, 0.2308, 0.22933, 0.22787, 0.22642, 0.22497, 0.22353, 0.22211, 0.22069, 0.21927, 0.21787, 0.21647, 0.21508, 0.2137, 0.21233, 0.21096, 0.20961, 0.20826, 0.20691, 0.20558, 0.20425, 0.20293, 
		(20) 0.25757, 0.25596, 0.25435, 0.25276, 0.25117, 0.24959, 0.24802, 0.24645, 0.2449, 0.24335, 0.24181, 0.24028, 0.23876, 0.23725, 0.23575, 0.23425, 0.23276, 0.23128, 0.22981, 0.22835, 0.22689, 0.22544, 0.22401, 0.22257, 0.22115, 0.21974, 0.21833, 0.21693, 0.21554, 0.21416, 0.21278, 
		(20) 0.26913, 0.26745, 0.26578, 0.26412, 0.26247, 0.26083, 0.2592, 0.25758, 0.25596, 0.25436, 0.25276, 0.25117, 0.24959, 0.24802, 0.24646, 0.2449, 0.24336, 0.24182, 0.24029, 0.23877, 0.23725, 0.23575, 0.23425, 0.23277, 0.23129, 0.22981, 0.22835, 0.2269, 0.22545, 0.22401, 0.22258, 
		(20) 0.27995, 0.27822, 0.2765, 0.27478, 0.27308, 0.27138, 0.26969, 0.26802, 0.26635, 0.26468, 0.26303, 0.26139, 0.25975, 0.25813, 0.25651, 0.2549, 0.2533, 0.25171, 0.25013, 0.24855, 0.24698, 0.24543, 0.24388, 0.24234, 0.2408, 0.23928, 0.23777, 0.23626, 0.23476, 0.23327, 0.23179, 
		(2) 0.29293, (3) 0.29292, (4) 0.29291, (4) 0.2929, (5) 0.29289, (2) 0.29288, 0.29108, 0.28929, 0.28751, 0.28574, 0.28398, 0.28223, 0.28048, 0.27875, 0.27702, 0.2753, 0.2736, 0.2719, 0.27021, 0.26852, 0.26685, 0.26519, 0.26353, 0.26189, 0.26025, 0.25862, 0.257, 0.25539, 0.25378, 0.25219, 0.2506, 0.24903, 0.24746, 0.2459, 0.24435, 0.2428, 
		(50) 1, 
		// FEMALE
		0.00349, 0.0034, 0.00332, 0.00324, 0.00316, 0.00309, 0.00303, 0.00296, 0.0029, 0.00284, 0.00279, 0.00275, 0.0027, 0.00266, 0.00262, 0.00259, 0.00255, 0.00252, 0.00249, 0.00246, 0.00245, 0.00243, 0.00242, 0.0024, 0.00239, 0.00238, 0.00236, 0.00235, 0.00234, 0.00232, 0.00231, 0.0023, 0.00228, 0.00227, 0.00226, 0.00224, 0.00223, 0.00222, 0.0022, 0.00219, 0.00218, 0.00217, 0.00215, 0.00214, 0.00213, 0.00212, 0.00211, 0.00209, 0.00208, 0.00207, 
		0.00031, 0.0003, 0.00029, 0.00028, (2) 0.00027, 0.00026, (2) 0.00025, (2) 0.00024, (2) 0.00023, (2) 0.00022, (4) 0.00021, (7) 0.0002, (9) 0.00019, (10) 0.00018, (5) 0.00017, 
		0.00016, (2) 0.00015, (2) 0.00014, (3) 0.00013, (3) 0.00012, (5) 0.00011, (11) 0.0001, (19) 0.00009, (4) 0.00008, 
		0.00013, (2) 0.00012, (3) 0.00011, (3) 0.0001, (5) 0.00009, (9) 0.00008, (25) 0.00007, (2) 0.00006, 
		0.00011, (3) 0.0001, (3) 0.00009, (4) 0.00008, (6) 0.00007, (24) 0.00006, (9) 0.00005, 
		0.00009, (3) 0.00008, (4) 0.00007, (6) 0.00006, (22) 0.00005, (14) 0.00004, 
		(2) 0.00008, (3) 0.00007, (5) 0.00006, (7) 0.00005, (33) 0.00004, 
		(2) 0.00007, (4) 0.00006, (6) 0.00005, (17) 0.00004, (21) 0.00003, 
		(2) 0.00007, (4) 0.00006, (5) 0.00005, (17) 0.00004, (22) 0.00003, 
		(2) 0.00007, (4) 0.00006, (5) 0.00005, (18) 0.00004, (21) 0.00003, 
		(2) 0.00007, (4) 0.00006, (6) 0.00005, (19) 0.00004, (19) 0.00003, 
		(2) 0.00007, (4) 0.00006, (6) 0.00005, (21) 0.00004, (17) 0.00003, 
		(2) 0.00008, (3) 0.00007, (5) 0.00006, (8) 0.00005, (32) 0.00004, 
		0.00009, (3) 0.00008, (4) 0.00007, (6) 0.00006, (21) 0.00005, (15) 0.00004, 
		0.00012, (2) 0.00011, (3) 0.0001, (3) 0.00009, (4) 0.00008, (9) 0.00007, (28) 0.00006, 
		0.00015, (2) 0.00014, 0.00013, (3) 0.00012, (2) 0.00011, (4) 0.0001, (5) 0.00009, (18) 0.00008, (14) 0.00007, 
		0.00019, 0.00018, 0.00017, (2) 0.00016, (2) 0.00015, (2) 0.00014, (3) 0.00013, (3) 0.00012, (5) 0.00011, (18) 0.0001, (12) 0.00009, 
		0.00022, 0.00021, 0.0002, 0.00019, (2) 0.00018, (2) 0.00017, (2) 0.00016, (2) 0.00015, (3) 0.00014, (4) 0.00013, (14) 0.00012, (16) 0.00011, 0.0001, 
		0.00024, 0.00023, 0.00022, 0.00021, (2) 0.0002, 0.00019, (2) 0.00018, (2) 0.00017, (3) 0.00016, (3) 0.00015, (8) 0.00014, (13) 0.00013, (12) 0.00012, 
		0.00025, 0.00024, 0.00023, 0.00022, (2) 0.00021, (2) 0.0002, 0.00019, (3) 0.00018, (2) 0.00017, (4) 0.00016, (7) 0.00015, (13) 0.00014, (12) 0.00013, 
		0.00025, 0.00024, 0.00023, (2) 0.00022, 0.00021, (2) 0.0002, (2) 0.00019, (3) 0.00018, (3) 0.00017, (5) 0.00016, (11) 0.00015, (12) 0.00014, (6) 0.00013, 
		0.00025, 0.00024, (2) 0.00023, 0.00022, (2) 0.00021, (2) 0.0002, (2) 0.00019, (3) 0.00018, (4) 0.00017, (9) 0.00016, (11) 0.00015, (12) 0.00014, 
		0.00025, 0.00024, (2) 0.00023, (2) 0.00022, (2) 0.00021, (2) 0.0002, (2) 0.00019, (4) 0.00018, (5) 0.00017, (11) 0.00016, (11) 0.00015, (7) 0.00014, 
		0.00026, 0.00025, (2) 0.00024, (2) 0.00023, (2) 0.00022, (2) 0.00021, (3) 0.0002, (3) 0.00019, (5) 0.00018, (11) 0.00017, (10) 0.00016, (8) 0.00015, 
		0.00027, 0.00026, (2) 0.00025, (2) 0.00024, (2) 0.00023, (2) 0.00022, (3) 0.00021, (3) 0.0002, (6) 0.00019, (9) 0.00018, (10) 0.00017, (9) 0.00016, 
		0.00029, 0.00028, (2) 0.00027, 0.00026, (2) 0.00025, (2) 0.00024, (3) 0.00023, (3) 0.00022, (4) 0.00021, (8) 0.0002, (10) 0.00019, (9) 0.00018, (4) 0.00017, 
		0.00029, 0.00028, (2) 0.00027, (2) 0.00026, (2) 0.00025, (2) 0.00024, (3) 0.00023, (3) 0.00022, (5) 0.00021, (9) 0.0002, (9) 0.00019, (10) 0.00018, 0.00017, 
		0.0003, 0.00029, (2) 0.00028, (2) 0.00027, (2) 0.00026, (2) 0.00025, (3) 0.00024, (3) 0.00023, (6) 0.00022, (8) 0.00021, (8) 0.0002, (10) 0.00019, (2) 0.00018, 
		0.00032, 0.00031, (2) 0.0003, (2) 0.00029, (2) 0.00028, (2) 0.00027, (3) 0.00026, (3) 0.00025, (4) 0.00024, (7) 0.00023, (8) 0.00022, (8) 0.00021, (7) 0.0002, 
		0.00034, 0.00033, (2) 0.00032, (2) 0.00031, (2) 0.0003, (2) 0.00029, (2) 0.00028, (3) 0.00027, (4) 0.00026, (7) 0.00025, (7) 0.00024, (7) 0.00023, (8) 0.00022, (2) 0.00021, 
		0.00036, 0.00035, (2) 0.00034, (2) 0.00033, 0.00032, (2) 0.00031, (3) 0.0003, (3) 0.00029, (4) 0.00028, (6) 0.00027, (6) 0.00026, (7) 0.00025, (7) 0.00024, (5) 0.00023, 
		0.00038, 0.00037, (2) 0.00036, (2) 0.00035, 0.00034, (2) 0.00033, (3) 0.00032, (3) 0.00031, (3) 0.0003, (6) 0.00029, (6) 0.00028, (6) 0.00027, (7) 0.00026, (7) 0.00025, 
		0.0004, 0.00039, (2) 0.00038, (2) 0.00037, 0.00036, (2) 0.00035, (3) 0.00034, (3) 0.00033, (3) 0.00032, (5) 0.00031, (6) 0.0003, (6) 0.00029, (6) 0.00028, (7) 0.00027, (2) 0.00026, 
		0.00043, 0.00042, (2) 0.00041, 0.0004, (2) 0.00039, (2) 0.00038, (3) 0.00037, (2) 0.00036, (4) 0.00035, (4) 0.00034, (5) 0.00033, (6) 0.00032, (5) 0.00031, (6) 0.0003, (6) 0.00029, 
		0.00047, 0.00046, (2) 0.00045, 0.00044, (2) 0.00043, (2) 0.00042, (2) 0.00041, (3) 0.0004, (3) 0.00039, (3) 0.00038, (5) 0.00037, (5) 0.00036, (5) 0.00035, (5) 0.00034, (5) 0.00033, (5) 0.00032, 
		0.00051, 0.0005, (2) 0.00049, 0.00048, (2) 0.00047, (2) 0.00046, (2) 0.00045, (2) 0.00044, (3) 0.00043, (3) 0.00042, (4) 0.00041, (5) 0.0004, (4) 0.00039, (5) 0.00038, (4) 0.00037, (5) 0.00036, (4) 0.00035, 
		0.00055, 0.00054, 0.00053, (2) 0.00052, (2) 0.00051, 0.0005, (2) 0.00049, (3) 0.00048, (2) 0.00047, (4) 0.00046, (3) 0.00045, (4) 0.00044, (4) 0.00043, (4) 0.00042, (5) 0.00041, (4) 0.0004, (4) 0.00039, (3) 0.00038, 
		0.0006, 0.00059, 0.00058, (2) 0.00057, 0.00056, (2) 0.00055, (2) 0.00054, (2) 0.00053, (2) 0.00052, (3) 0.00051, (4) 0.0005, (3) 0.00049, (4) 0.00048, (4) 0.00047, (3) 0.00046, (4) 0.00045, (4) 0.00044, (4) 0.00043, (3) 0.00042, 
		0.00066, 0.00065, 0.00064, 0.00063, (2) 0.00062, (2) 0.00061, 0.0006, (2) 0.00059, (2) 0.00058, (3) 0.00057, (3) 0.00056, (3) 0.00055, (3) 0.00054, (4) 0.00053, (3) 0.00052, (3) 0.00051, (4) 0.0005, (3) 0.00049, (4) 0.00048, (4) 0.00047, 
		0.00072, 0.00071, 0.0007, 0.00069, (2) 0.00068, 0.00067, (2) 0.00066, (2) 0.00065, (2) 0.00064, (2) 0.00063, (3) 0.00062, (2) 0.00061, (3) 0.0006, (3) 0.00059, (3) 0.00058, (3) 0.00057, (3) 0.00056, (3) 0.00055, (4) 0.00054, (3) 0.00053, (3) 0.00052, (2) 0.00051, 
		0.00079, 0.00078, 0.00077, 0.00076, 0.00075, (2) 0.00074, 0.00073, (2) 0.00072, (2) 0.00071, (2) 0.0007, (2) 0.00069, (3) 0.00068, (2) 0.00067, (3) 0.00066, (2) 0.00065, (3) 0.00064, (3) 0.00063, (3) 0.00062, (2) 0.00061, (3) 0.0006, (3) 0.00059, (3) 0.00058, (3) 0.00057, 0.00056, 
		0.00086, 0.00085, 0.00084, 0.00083, 0.00082, 0.00081, (2) 0.0008, 0.00079, (2) 0.00078, 0.00077, (2) 0.00076, (3) 0.00075, (2) 0.00074, (2) 0.00073, (3) 0.00072, (2) 0.00071, (3) 0.0007, (2) 0.00069, (3) 0.00068, (2) 0.00067, (3) 0.00066, (3) 0.00065, (2) 0.00064, (3) 0.00063, (3) 0.00062, 
		0.00095, 0.00093, 0.00092, 0.00091, (2) 0.0009, 0.00089, 0.00088, 0.00087, (2) 0.00086, (2) 0.00085, 0.00084, (2) 0.00083, (3) 0.00082, (2) 0.00081, (2) 0.0008, (2) 0.00079, (2) 0.00078, (3) 0.00077, (2) 0.00076, (2) 0.00075, (3) 0.00074, (2) 0.00073, (2) 0.00072, (3) 0.00071, (2) 0.0007, (3) 0.00069, 0.00068, 
		0.00103, 0.00102, 0.00101, 0.001, 0.00099, 0.00098, 0.00097, 0.00096, 0.00095, (2) 0.00094, 0.00093, (2) 0.00092, (2) 0.00091, (2) 0.0009, (2) 0.00089, (2) 0.00088, (2) 0.00087, (2) 0.00086, (2) 0.00085, (2) 0.00084, (2) 0.00083, (2) 0.00082, (2) 0.00081, (2) 0.0008, (3) 0.00079, (2) 0.00078, (2) 0.00077, (2) 0.00076, (3) 0.00075, 
		0.00113, 0.00112, 0.00111, 0.0011, 0.00108, 0.00107, 0.00106, 0.00105, 0.00104, (2) 0.00103, 0.00102, 0.00101, (2) 0.001, (2) 0.00099, 0.00098, (2) 0.00097, (2) 0.00096, (2) 0.00095, (2) 0.00094, (2) 0.00093, 0.00092, (2) 0.00091, (2) 0.0009, (2) 0.00089, (2) 0.00088, (2) 0.00087, (2) 0.00086, (2) 0.00085, (2) 0.00084, (2) 0.00083, (2) 0.00082, 0.00081, 
		0.00123, 0.00122, 0.0012, 0.00119, 0.00118, 0.00117, 0.00115, 0.00114, 0.00113, 0.00112, 0.00111, 0.0011, (2) 0.00109, 0.00108, (2) 0.00107, 0.00106, (2) 0.00105, (2) 0.00104, 0.00103, (2) 0.00102, (2) 0.00101, 0.001, (2) 0.00099, (2) 0.00098, (2) 0.00097, (2) 0.00096, 0.00095, (2) 0.00094, (2) 0.00093, (2) 0.00092, (2) 0.00091, (2) 0.0009, (2) 0.00089, 0.00088, 
		0.00134, 0.00132, 0.00131, 0.00129, 0.00128, 0.00126, 0.00125, 0.00124, 0.00123, 0.00121, 0.0012, 0.00119, (2) 0.00118, 0.00117, 0.00116, (2) 0.00115, 0.00114, 0.00113, (2) 0.00112, (2) 0.00111, 0.0011, (2) 0.00109, 0.00108, (2) 0.00107, (2) 0.00106, 0.00105, (2) 0.00104, (2) 0.00103, 0.00102, (2) 0.00101, (2) 0.001, 0.00099, (2) 0.00098, (2) 0.00097, (2) 0.00096, 0.00095, 
		0.00146, 0.00144, 0.00142, 0.0014, 0.00139, 0.00137, 0.00136, 0.00134, 0.00133, 0.00131, 0.0013, 0.00129, 0.00128, 0.00127, 0.00126, 0.00125, 0.00124, (2) 0.00123, 0.00122, 0.00121, (2) 0.0012, 0.00119, (2) 0.00118, 0.00117, (2) 0.00116, 0.00115, (2) 0.00114, 0.00113, (2) 0.00112, 0.00111, (2) 0.0011, (2) 0.00109, 0.00108, (2) 0.00107, 0.00106, (2) 0.00105, (2) 0.00104, 0.00103, 0.00102, 
		0.00159, 0.00157, 0.00154, 0.00152, 0.0015, 0.00149, 0.00147, 0.00145, 0.00143, 0.00142, 0.0014, 0.00139, 0.00138, 0.00137, 0.00136, 0.00135, 0.00134, 0.00133, 0.00132, 0.00131, 0.0013, (2) 0.00129, 0.00128, 0.00127, (2) 0.00126, 0.00125, (2) 0.00124, 0.00123, 0.00122, (2) 0.00121, 0.0012, (2) 0.00119, 0.00118, (2) 0.00117, 0.00116, (2) 0.00115, 0.00114, (2) 0.00113, 0.00112, (2) 0.00111, 0.0011, 
		0.00173, 0.0017, 0.00168, 0.00165, 0.00163, 0.00161, 0.00159, 0.00157, 0.00155, 0.00153, 0.00151, 0.0015, 0.00148, 0.00147, 0.00145, 0.00144, 0.00143, 0.00142, 0.00141, 0.0014, (2) 0.00139, 0.00138, 0.00137, 0.00136, (2) 0.00135, 0.00134, 0.00133, (2) 0.00132, 0.00131, 0.0013, (2) 0.00129, 0.00128, 0.00127, (2) 0.00126, 0.00125, 0.00124, (2) 0.00123, 0.00122, (2) 0.00121, 0.0012, (2) 0.00119, 0.00118, 
		0.00187, 0.00183, 0.0018, 0.00178, 0.00175, 0.00172, 0.0017, 0.00168, 0.00165, 0.00163, 0.00161, 0.0016, 0.00158, 0.00156, 0.00155, 0.00153, 0.00152, 0.00151, 0.0015, 0.00149, 0.00148, 0.00147, 0.00146, 0.00145, (2) 0.00144, 0.00143, 0.00142, 0.00141, 0.0014, (2) 0.00139, 0.00138, 0.00137, 0.00136, (2) 0.00135, 0.00134, 0.00133, (2) 0.00132, 0.00131, 0.0013, (2) 0.00129, 0.00128, 0.00127, (2) 0.00126, 0.00125, 
		0.00202, 0.00199, 0.00195, 0.00192, 0.00189, 0.00186, 0.00183, 0.0018, 0.00178, 0.00175, 0.00173, 0.00171, 0.00169, 0.00167, 0.00165, 0.00164, 0.00163, 0.00161, 0.0016, (2) 0.00158, 0.00157, 0.00156, 0.00155, 0.00154, 0.00153, 0.00152, 0.00151, (2) 0.0015, 0.00149, 0.00148, 0.00147, 0.00146, 0.00145, (2) 0.00144, 0.00143, 0.00142, 0.00141, (2) 0.0014, 0.00139, 0.00138, 0.00137, (2) 0.00136, 0.00135, 0.00134, 0.00133, 
		0.00218, 0.00214, 0.0021, 0.00206, 0.00202, 0.00199, 0.00196, 0.00193, 0.0019, 0.00187, 0.00185, 0.00182, 0.0018, 0.00178, 0.00176, 0.00174, 0.00173, 0.00171, 0.0017, 0.00168, 0.00167, 0.00166, 0.00165, 0.00164, 0.00163, 0.00162, 0.00161, 0.0016, (2) 0.00159, 0.00158, 0.00157, 0.00156, 0.00155, 0.00154, 0.00153, 0.00152, (2) 0.00151, 0.0015, 0.00149, 0.00148, 0.00147, 0.00146, (2) 0.00145, 0.00144, 0.00143, 0.00142, 0.00141, 
		0.00235, 0.0023, 0.00225, 0.00221, 0.00217, 0.00213, 0.0021, 0.00206, 0.00203, 0.002, 0.00197, 0.00194, 0.00192, 0.0019, 0.00187, 0.00185, 0.00183, 0.00182, 0.0018, 0.00178, 0.00177, 0.00176, 0.00175, 0.00174, 0.00173, 0.00172, 0.00171, 0.0017, 0.00169, 0.00168, 0.00167, 0.00166, 0.00165, 0.00164, 0.00163, (2) 0.00162, 0.00161, 0.0016, 0.00159, 0.00158, 0.00157, 0.00156, 0.00155, 0.00154, 0.00153, (2) 0.00152, 0.00151, 0.0015, 
		0.00253, 0.00247, 0.00242, 0.00237, 0.00232, 0.00228, 0.00224, 0.0022, 0.00217, 0.00213, 0.0021, 0.00207, 0.00204, 0.00202, 0.00199, 0.00197, 0.00195, 0.00193, 0.00191, 0.00189, 0.00188, 0.00187, 0.00186, 0.00185, 0.00184, 0.00183, 0.00181, 0.0018, 0.00179, 0.00178, 0.00177, 0.00176, 0.00175, 0.00174, 0.00173, 0.00172, 0.00171, 0.0017, 0.00169, 0.00168, 0.00167, 0.00166, 0.00165, (2) 0.00164, 0.00163, 0.00162, 0.00161, 0.0016, 0.00159, 
		0.00271, 0.00265, 0.00259, 0.00254, 0.00249, 0.00244, 0.0024, 0.00235, 0.00231, 0.00227, 0.00224, 0.00221, 0.00217, 0.00214, 0.00211, 0.00209, 0.00207, 0.00205, 0.00203, 0.002, 0.00199, 0.00198, 0.00197, 0.00196, 0.00195, 0.00194, 0.00192, 0.00191, 0.0019, 0.00189, 0.00188, 0.00187, 0.00186, 0.00185, 0.00184, 0.00183, 0.00182, 0.00181, 0.0018, 0.00178, 0.00177, 0.00176, 0.00175, 0.00174, 0.00173, 0.00172, 0.00171, 0.0017, 0.00169, 0.00168, 
		0.00291, 0.00284, 0.00278, 0.00271, 0.00265, 0.0026, 0.00255, 0.00251, 0.00246, 0.00241, 0.00238, 0.00234, 0.00231, 0.00227, 0.00224, 0.00222, 0.00219, 0.00217, 0.00214, 0.00212, 0.00211, 0.00209, 0.00208, 0.00207, 0.00206, 0.00205, 0.00203, 0.00202, 0.00201, 0.002, 0.00199, 0.00198, 0.00197, 0.00195, 0.00194, 0.00193, 0.00192, 0.00191, 0.0019, 0.00189, 0.00188, 0.00187, 0.00185, 0.00184, 0.00183, 0.00182, 0.00181, 0.0018, 0.00179, 0.00178, 
		0.00315, 0.00307, 0.00299, 0.00292, 0.00286, 0.0028, 0.00274, 0.00269, 0.00264, 0.00258, 0.00254, 0.0025, 0.00247, 0.00243, 0.00239, 0.00236, 0.00234, 0.00231, 0.00228, 0.00225, 0.00224, 0.00223, 0.00222, 0.0022, 0.00219, 0.00218, 0.00217, 0.00215, 0.00214, 0.00213, 0.00212, 0.0021, 0.00209, 0.00208, 0.00207, 0.00206, 0.00204, 0.00203, 0.00202, 0.00201, 0.002, 0.00199, 0.00197, 0.00196, 0.00195, 0.00194, 0.00193, 0.00192, 0.00191, 0.0019, 
		0.00339, 0.0033, 0.00322, 0.00314, 0.00306, 0.003, 0.00294, 0.00288, 0.00282, 0.00276, 0.00271, 0.00267, 0.00263, 0.00258, 0.00254, 0.00251, 0.00248, 0.00245, 0.00242, 0.00239, 0.00238, 0.00236, 0.00235, 0.00234, 0.00232, 0.00231, 0.00229, 0.00228, 0.00227, 0.00226, 0.00224, 0.00223, 0.00222, 0.0022, 0.00219, 0.00218, 0.00217, 0.00215, 0.00214, 0.00213, 0.00212, 0.0021, 0.00209, 0.00208, 0.00207, 0.00206, 0.00204, 0.00203, 0.00202, 0.00201, 
		0.00367, 0.00357, 0.00348, 0.00339, 0.0033, 0.00323, 0.00316, 0.00309, 0.00302, 0.00296, 0.00291, 0.00286, 0.00281, 0.00276, 0.00271, 0.00268, 0.00264, 0.00261, 0.00258, 0.00254, 0.00253, 0.00251, 0.0025, 0.00248, 0.00247, 0.00246, 0.00244, 0.00243, 0.00241, 0.0024, 0.00239, 0.00237, 0.00236, 0.00234, 0.00233, 0.00232, 0.0023, 0.00229, 0.00228, 0.00226, 0.00225, 0.00224, 0.00223, 0.00221, 0.0022, 0.00219, 0.00217, 0.00216, 0.00215, 0.00214, 
		0.004, 0.00388, 0.00377, 0.00367, 0.00357, 0.00349, 0.00341, 0.00333, 0.00325, 0.00318, 0.00312, 0.00306, 0.00301, 0.00296, 0.0029, 0.00286, 0.00282, 0.00279, 0.00275, 0.00271, 0.0027, 0.00268, 0.00266, 0.00265, 0.00263, 0.00262, 0.0026, 0.00259, 0.00257, 0.00256, 0.00254, 0.00253, 0.00251, 0.0025, 0.00249, 0.00247, 0.00246, 0.00244, 0.00243, 0.00241, 0.0024, 0.00239, 0.00237, 0.00236, 0.00235, 0.00233, 0.00232, 0.00231, 0.00229, 0.00228, 
		0.00435, 0.00422, 0.0041, 0.00398, 0.00387, 0.00378, 0.00369, 0.0036, 0.00351, 0.00343, 0.00336, 0.0033, 0.00324, 0.00318, 0.00312, 0.00307, 0.00303, 0.00299, 0.00295, 0.0029, 0.00289, 0.00287, 0.00285, 0.00284, 0.00282, 0.00281, 0.00279, 0.00277, 0.00276, 0.00274, 0.00273, 0.00271, 0.00269, 0.00268, 0.00266, 0.00265, 0.00263, 0.00262, 0.0026, 0.00259, 0.00257, 0.00256, 0.00254, 0.00253, 0.00251, 0.0025, 0.00248, 0.00247, 0.00246, 0.00244, 
		0.00475, 0.0046, 0.00447, 0.00434, 0.00422, 0.00411, 0.00401, 0.00391, 0.00381, 0.00372, 0.00365, 0.00358, 0.00351, 0.00344, 0.00338, 0.00333, 0.00328, 0.00323, 0.00318, 0.00314, 0.00312, 0.0031, 0.00308, 0.00307, 0.00305, 0.00303, 0.00301, 0.003, 0.00298, 0.00296, 0.00294, 0.00293, 0.00291, 0.00289, 0.00288, 0.00286, 0.00284, 0.00283, 0.00281, 0.0028, 0.00278, 0.00276, 0.00275, 0.00273, 0.00272, 0.0027, 0.00268, 0.00267, 0.00265, 0.00264, 
		0.0052, 0.00504, 0.00489, 0.00475, 0.00461, 0.00449, 0.00438, 0.00427, 0.00416, 0.00406, 0.00398, 0.0039, 0.00383, 0.00375, 0.00368, 0.00362, 0.00357, 0.00352, 0.00347, 0.00341, 0.00339, 0.00338, 0.00336, 0.00334, 0.00332, 0.0033, 0.00328, 0.00326, 0.00324, 0.00322, 0.0032, 0.00319, 0.00317, 0.00315, 0.00313, 0.00311, 0.0031, 0.00308, 0.00306, 0.00304, 0.00302, 0.00301, 0.00299, 0.00297, 0.00296, 0.00294, 0.00292, 0.0029, 0.00289, 0.00287, 
		0.00571, 0.00553, 0.00537, 0.00521, 0.00506, 0.00493, 0.00481, 0.00468, 0.00457, 0.00445, 0.00436, 0.00428, 0.0042, 0.00412, 0.00403, 0.00398, 0.00392, 0.00386, 0.0038, 0.00374, 0.00372, 0.0037, 0.00368, 0.00366, 0.00364, 0.00362, 0.0036, 0.00358, 0.00355, 0.00353, 0.00351, 0.00349, 0.00347, 0.00345, 0.00343, 0.00341, 0.00339, 0.00337, 0.00336, 0.00334, 0.00332, 0.0033, 0.00328, 0.00326, 0.00324, 0.00322, 0.0032, 0.00319, 0.00317, 0.00315, 
		0.00628, 0.00607, 0.0059, 0.00573, 0.00556, 0.00542, 0.00528, 0.00515, 0.00502, 0.0049, 0.0048, 0.00471, 0.00462, 0.00453, 0.00444, 0.00438, 0.00431, 0.00425, 0.00419, 0.00413, 0.0041, 0.00408, 0.00406, 0.00403, 0.00401, 0.00399, 0.00396, 0.00394, 0.00392, 0.0039, 0.00387, 0.00385, 0.00383, 0.00381, 0.00378, 0.00376, 0.00374, 0.00372, 0.0037, 0.00368, 0.00366, 0.00363, 0.00361, 0.00359, 0.00357, 0.00355, 0.00353, 0.00351, 0.00349, 0.00347, 
		0.0069, 0.00668, 0.00649, 0.0063, 0.00612, 0.00597, 0.00582, 0.00567, 0.00553, 0.00539, 0.00529, 0.00519, 0.00509, 0.00499, 0.0049, 0.00482, 0.00475, 0.00468, 0.00462, 0.00455, 0.00452, 0.0045, 0.00447, 0.00444, 0.00442, 0.00439, 0.00437, 0.00434, 0.00432, 0.00429, 0.00427, 0.00424, 0.00422, 0.00419, 0.00417, 0.00415, 0.00412, 0.0041, 0.00408, 0.00405, 0.00403, 0.00401, 0.00398, 0.00396, 0.00394, 0.00391, 0.00389, 0.00387, 0.00385, 0.00382, 
		0.00759, 0.00735, 0.00714, 0.00693, 0.00673, 0.00656, 0.0064, 0.00624, 0.00608, 0.00593, 0.00582, 0.00571, 0.0056, 0.00549, 0.00538, 0.0053, 0.00523, 0.00515, 0.00507, 0.005, 0.00497, 0.00494, 0.00491, 0.00489, 0.00486, 0.00483, 0.0048, 0.00477, 0.00475, 0.00472, 0.00469, 0.00467, 0.00464, 0.00461, 0.00459, 0.00456, 0.00453, 0.00451, 0.00448, 0.00446, 0.00443, 0.0044, 0.00438, 0.00435, 0.00433, 0.0043, 0.00428, 0.00425, 0.00423, 0.00421, 
		0.00835, 0.00809, 0.00785, 0.00762, 0.0074, 0.00722, 0.00704, 0.00686, 0.00669, 0.00652, 0.0064, 0.00627, 0.00615, 0.00603, 0.00592, 0.00583, 0.00575, 0.00566, 0.00558, 0.0055, 0.00546, 0.00543, 0.0054, 0.00537, 0.00534, 0.00531, 0.00528, 0.00525, 0.00522, 0.00519, 0.00516, 0.00513, 0.0051, 0.00507, 0.00504, 0.00501, 0.00498, 0.00495, 0.00492, 0.0049, 0.00487, 0.00484, 0.00481, 0.00478, 0.00476, 0.00473, 0.0047, 0.00468, 0.00465, 0.00462, 
		0.00926, 0.00896, 0.00869, 0.00844, 0.00819, 0.00799, 0.00778, 0.00759, 0.0074, 0.00721, 0.00707, 0.00693, 0.0068, 0.00667, 0.00654, 0.00644, 0.00634, 0.00625, 0.00616, 0.00607, 0.00603, 0.006, 0.00596, 0.00593, 0.00589, 0.00586, 0.00583, 0.00579, 0.00576, 0.00573, 0.00569, 0.00566, 0.00563, 0.0056, 0.00556, 0.00553, 0.0055, 0.00547, 0.00544, 0.00541, 0.00537, 0.00534, 0.00531, 0.00528, 0.00525, 0.00522, 0.00519, 0.00516, 0.00513, 0.0051, 
		0.01048, 0.01014, 0.00983, 0.00954, 0.00926, 0.00902, 0.00879, 0.00857, 0.00835, 0.00814, 0.00798, 0.00782, 0.00767, 0.00752, 0.00737, 0.00726, 0.00715, 0.00704, 0.00694, 0.00683, 0.00679, 0.00675, 0.00672, 0.00668, 0.00664, 0.0066, 0.00656, 0.00653, 0.00649, 0.00645, 0.00641, 0.00638, 0.00634, 0.0063, 0.00627, 0.00623, 0.0062, 0.00616, 0.00612, 0.00609, 0.00605, 0.00602, 0.00598, 0.00595, 0.00592, 0.00588, 0.00585, 0.00581, 0.00578, 0.00575, 
		0.01185, 0.01147, 0.01113, 0.0108, 0.01048, 0.01021, 0.00995, 0.00969, 0.00945, 0.00921, 0.00902, 0.00885, 0.00867, 0.0085, 0.00833, 0.00821, 0.00809, 0.00796, 0.00784, 0.00773, 0.00768, 0.00764, 0.00759, 0.00755, 0.00751, 0.00746, 0.00742, 0.00738, 0.00734, 0.00729, 0.00725, 0.00721, 0.00717, 0.00713, 0.00709, 0.00705, 0.00701, 0.00696, 0.00692, 0.00688, 0.00685, 0.00681, 0.00677, 0.00673, 0.00669, 0.00665, 0.00661, 0.00657, 0.00654, 0.0065, 
		0.01318, 0.01276, 0.01238, 0.01202, 0.01166, 0.01137, 0.01108, 0.0108, 0.01053, 0.01026, 0.01006, 0.00986, 0.00967, 0.00948, 0.0093, 0.00916, 0.00902, 0.00889, 0.00876, 0.00862, 0.00858, 0.00853, 0.00848, 0.00843, 0.00838, 0.00833, 0.00828, 0.00824, 0.00819, 0.00814, 0.0081, 0.00805, 0.008, 0.00796, 0.00791, 0.00787, 0.00782, 0.00778, 0.00773, 0.00769, 0.00764, 0.0076, 0.00755, 0.00751, 0.00747, 0.00742, 0.00738, 0.00734, 0.0073, 0.00726, 
		0.01457, 0.01411, 0.0137, 0.0133, 0.01292, 0.0126, 0.01229, 0.01198, 0.01168, 0.01139, 0.01118, 0.01096, 0.01075, 0.01055, 0.01034, 0.01019, 0.01004, 0.0099, 0.00975, 0.00961, 0.00955, 0.0095, 0.00945, 0.00939, 0.00934, 0.00928, 0.00923, 0.00918, 0.00912, 0.00907, 0.00902, 0.00897, 0.00892, 0.00887, 0.00881, 0.00876, 0.00871, 0.00866, 0.00861, 0.00856, 0.00852, 0.00847, 0.00842, 0.00837, 0.00832, 0.00827, 0.00823, 0.00818, 0.00813, 0.00808, 
		0.01612, 0.01563, 0.01519, 0.01476, 0.01435, 0.014, 0.01367, 0.01334, 0.01301, 0.0127, 0.01247, 0.01223, 0.01201, 0.01178, 0.01156, 0.0114, 0.01124, 0.01108, 0.01092, 0.01077, 0.01071, 0.01064, 0.01058, 0.01052, 0.01046, 0.0104, 0.01034, 0.01028, 0.01022, 0.01016, 0.01011, 0.01005, 0.00999, 0.00993, 0.00988, 0.00982, 0.00976, 0.00971, 0.00965, 0.0096, 0.00954, 0.00949, 0.00943, 0.00938, 0.00932, 0.00927, 0.00922, 0.00916, 0.00911, 0.00906, 
		0.01794, 0.01741, 0.01694, 0.01648, 0.01604, 0.01567, 0.01531, 0.01495, 0.01461, 0.01427, 0.01402, 0.01377, 0.01352, 0.01328, 0.01304, 0.01287, 0.01269, 0.01252, 0.01235, 0.01218, 0.01211, 0.01204, 0.01197, 0.0119, 0.01184, 0.01177, 0.0117, 0.01163, 0.01157, 0.0115, 0.01143, 0.01137, 0.0113, 0.01124, 0.01117, 0.01111, 0.01105, 0.01098, 0.01092, 0.01086, 0.01079, 0.01073, 0.01067, 0.01061, 0.01055, 0.01049, 0.01043, 0.01037, 0.01031, 0.01025, 
		0.02007, 0.0195, 0.019, 0.0185, 0.01803, 0.01762, 0.01723, 0.01685, 0.01647, 0.01611, 0.01583, 0.01556, 0.01529, 0.01503, 0.01477, 0.01458, 0.01439, 0.0142, 0.01401, 0.01383, 0.01375, 0.01367, 0.01359, 0.01352, 0.01344, 0.01336, 0.01329, 0.01321, 0.01313, 0.01306, 0.01298, 0.01291, 0.01284, 0.01276, 0.01269, 0.01262, 0.01254, 0.01247, 0.0124, 0.01233, 0.01226, 0.01219, 0.01212, 0.01205, 0.01198, 0.01191, 0.01184, 0.01177, 0.01171, 0.01164, 
		0.02263, 0.022, 0.02145, 0.02092, 0.0204, 0.01996, 0.01953, 0.01911, 0.0187, 0.0183, 0.01799, 0.0177, 0.0174, 0.01711, 0.01683, 0.01662, 0.01641, 0.0162, 0.016, 0.01579, 0.0157, 0.01561, 0.01552, 0.01543, 0.01535, 0.01526, 0.01517, 0.01508, 0.015, 0.01491, 0.01483, 0.01474, 0.01466, 0.01457, 0.01449, 0.01441, 0.01432, 0.01424, 0.01416, 0.01408, 0.014, 0.01392, 0.01384, 0.01376, 0.01368, 0.0136, 0.01352, 0.01345, 0.01337, 0.01329, 
		0.02568, 0.02499, 0.02439, 0.0238, 0.02322, 0.02274, 0.02226, 0.0218, 0.02135, 0.0209, 0.02057, 0.02023, 0.01991, 0.01959, 0.01927, 0.01904, 0.01881, 0.01858, 0.01835, 0.01812, 0.01802, 0.01792, 0.01781, 0.01771, 0.01761, 0.01751, 0.01741, 0.01731, 0.01721, 0.01711, 0.01701, 0.01692, 0.01682, 0.01672, 0.01663, 0.01653, 0.01644, 0.01635, 0.01625, 0.01616, 0.01607, 0.01597, 0.01588, 0.01579, 0.0157, 0.01561, 0.01552, 0.01543, 0.01535, 0.01526, 
		0.02929, 0.02853, 0.02786, 0.0272, 0.02656, 0.02602, 0.02549, 0.02498, 0.02447, 0.02397, 0.0236, 0.02323, 0.02287, 0.02251, 0.02216, 0.02189, 0.02163, 0.02137, 0.02112, 0.02087, 0.02075, 0.02063, 0.02051, 0.0204, 0.02028, 0.02016, 0.02005, 0.01993, 0.01982, 0.01971, 0.01959, 0.01948, 0.01937, 0.01926, 0.01915, 0.01904, 0.01893, 0.01882, 0.01872, 0.01861, 0.0185, 0.0184, 0.01829, 0.01819, 0.01808, 0.01798, 0.01788, 0.01777, 0.01767, 0.01757, 
		0.03354, 0.0327, 0.03194, 0.03121, 0.03049, 0.02989, 0.02929, 0.02871, 0.02815, 0.02759, 0.02717, 0.02675, 0.02634, 0.02594, 0.02554, 0.02525, 0.02495, 0.02466, 0.02438, 0.02409, 0.02395, 0.02382, 0.02368, 0.02355, 0.02341, 0.02328, 0.02315, 0.02301, 0.02288, 0.02275, 0.02262, 0.02249, 0.02237, 0.02224, 0.02211, 0.02198, 0.02186, 0.02173, 0.02161, 0.02149, 0.02136, 0.02124, 0.02112, 0.021, 0.02088, 0.02076, 0.02064, 0.02053, 0.02041, 0.02029, 
		0.03852, 0.03758, 0.03675, 0.03593, 0.03513, 0.03446, 0.03381, 0.03316, 0.03253, 0.03191, 0.03144, 0.03097, 0.03052, 0.03007, 0.02962, 0.02929, 0.02896, 0.02864, 0.02832, 0.028, 0.02784, 0.02768, 0.02752, 0.02737, 0.02721, 0.02706, 0.0269, 0.02675, 0.0266, 0.02644, 0.02629, 0.02614, 0.026, 0.02585, 0.0257, 0.02555, 0.02541, 0.02526, 0.02512, 0.02498, 0.02483, 0.02469, 0.02455, 0.02441, 0.02427, 0.02413, 0.024, 0.02386, 0.02372, 0.02359, 
		0.0443, 0.04327, 0.04236, 0.04147, 0.04059, 0.03986, 0.03913, 0.03842, 0.03773, 0.03704, 0.03652, 0.03601, 0.03551, 0.03501, 0.03452, 0.03415, 0.03379, 0.03343, 0.03307, 0.03272, 0.03253, 0.03235, 0.03216, 0.03198, 0.0318, 0.03162, 0.03144, 0.03126, 0.03108, 0.03091, 0.03073, 0.03056, 0.03038, 0.03021, 0.03004, 0.02987, 0.0297, 0.02953, 0.02936, 0.02919, 0.02903, 0.02886, 0.0287, 0.02853, 0.02837, 0.02821, 0.02805, 0.02789, 0.02773, 0.02757, 
		0.05094, 0.04983, 0.04885, 0.04789, 0.04694, 0.04614, 0.04536, 0.04459, 0.04383, 0.04309, 0.04252, 0.04197, 0.04142, 0.04087, 0.04034, 0.03993, 0.03954, 0.03914, 0.03875, 0.03836, 0.03814, 0.03793, 0.03771, 0.0375, 0.03729, 0.03708, 0.03687, 0.03666, 0.03645, 0.03624, 0.03604, 0.03583, 0.03563, 0.03543, 0.03523, 0.03503, 0.03483, 0.03463, 0.03444, 0.03424, 0.03405, 0.03385, 0.03366, 0.03347, 0.03328, 0.03309, 0.03291, 0.03272, 0.03253, 0.03235, 
		0.05851, 0.05734, 0.0563, 0.05528, 0.05428, 0.05343, 0.0526, 0.05178, 0.05097, 0.05017, 0.04957, 0.04897, 0.04838, 0.0478, 0.04722, 0.04679, 0.04636, 0.04593, 0.04551, 0.04509, 0.04484, 0.04458, 0.04433, 0.04408, 0.04383, 0.04359, 0.04334, 0.0431, 0.04285, 0.04261, 0.04237, 0.04213, 0.04189, 0.04166, 0.04142, 0.04119, 0.04095, 0.04072, 0.04049, 0.04026, 0.04004, 0.03981, 0.03958, 0.03936, 0.03914, 0.03892, 0.0387, 0.03848, 0.03826, 0.03804, 
		0.06707, 0.06586, 0.06479, 0.06373, 0.06269, 0.06181, 0.06094, 0.06008, 0.05924, 0.05841, 0.05777, 0.05715, 0.05653, 0.05591, 0.05531, 0.05485, 0.0544, 0.05395, 0.0535, 0.05306, 0.05276, 0.05246, 0.05217, 0.05188, 0.05158, 0.05129, 0.05101, 0.05072, 0.05043, 0.05015, 0.04987, 0.04959, 0.04931, 0.04903, 0.04875, 0.04848, 0.04821, 0.04794, 0.04767, 0.0474, 0.04713, 0.04686, 0.0466, 0.04634, 0.04608, 0.04582, 0.04556, 0.0453, 0.04505, 0.04479, 
		0.07667, 0.07544, 0.07433, 0.07324, 0.07217, 0.07126, 0.07036, 0.06947, 0.0686, 0.06773, 0.06707, 0.06642, 0.06577, 0.06513, 0.0645, 0.06402, 0.06355, 0.06308, 0.06261, 0.06214, 0.0618, 0.06145, 0.06111, 0.06077, 0.06043, 0.06009, 0.05975, 0.05942, 0.05908, 0.05875, 0.05842, 0.0581, 0.05777, 0.05745, 0.05713, 0.05681, 0.05649, 0.05617, 0.05586, 0.05554, 0.05523, 0.05492, 0.05461, 0.05431, 0.054, 0.0537, 0.0534, 0.0531, 0.0528, 0.0525, 
		0.08735, 0.08609, 0.08496, 0.08385, 0.08275, 0.08182, 0.0809, 0.07999, 0.07909, 0.07819, 0.07751, 0.07684, 0.07617, 0.07551, 0.07485, 0.07436, 0.07387, 0.07338, 0.07289, 0.07241, 0.072, 0.0716, 0.07121, 0.07081, 0.07042, 0.07002, 0.06963, 0.06925, 0.06886, 0.06848, 0.06809, 0.06772, 0.06734, 0.06696, 0.06659, 0.06622, 0.06585, 0.06548, 0.06512, 0.06475, 0.06439, 0.06403, 0.06367, 0.06332, 0.06296, 0.06261, 0.06226, 0.06191, 0.06157, 0.06122, 
		0.09915, 0.09788, 0.09674, 0.09562, 0.0945, 0.09356, 0.09262, 0.09169, 0.09077, 0.08987, 0.08917, 0.08848, 0.0878, 0.08712, 0.08645, 0.08594, 0.08543, 0.08493, 0.08443, 0.08393, 0.08347, 0.083, 0.08255, 0.08209, 0.08163, 0.08118, 0.08073, 0.08029, 0.07984, 0.0794, 0.07896, 0.07852, 0.07809, 0.07765, 0.07722, 0.07679, 0.07637, 0.07594, 0.07552, 0.0751, 0.07469, 0.07427, 0.07386, 0.07345, 0.07304, 0.07263, 0.07223, 0.07183, 0.07143, 0.07103, 
		0.11211, 0.11084, 0.1097, 0.10857, 0.10745, 0.1065, 0.10556, 0.10462, 0.1037, 0.10278, 0.10208, 0.10138, 0.10069, 0.1, 0.09931, 0.0988, 0.09828, 0.09777, 0.09726, 0.09675, 0.09622, 0.09569, 0.09517, 0.09465, 0.09413, 0.09361, 0.09309, 0.09258, 0.09207, 0.09156, 0.09106, 0.09056, 0.09006, 0.08956, 0.08907, 0.08858, 0.08809, 0.0876, 0.08712, 0.08664, 0.08616, 0.08569, 0.08521, 0.08474, 0.08427, 0.08381, 0.08334, 0.08288, 0.08243, 0.08197, 
		0.12625, 0.125, 0.12387, 0.12274, 0.12163, 0.12069, 0.11975, 0.11882, 0.1179, 0.11698, 0.11628, 0.11558, 0.11489, 0.1142, 0.11351, 0.11299, 0.11248, 0.11196, 0.11145, 0.11094, 0.11034, 0.10974, 0.10914, 0.10854, 0.10795, 0.10736, 0.10677, 0.10619, 0.10561, 0.10503, 0.10446, 0.10389, 0.10332, 0.10275, 0.10219, 0.10163, 0.10107, 0.10052, 0.09997, 0.09942, 0.09888, 0.09833, 0.09779, 0.09726, 0.09672, 0.09619, 0.09566, 0.09514, 0.09462, 0.0941, 
		0.14192, 0.14072, 0.13964, 0.13856, 0.13749, 0.13658, 0.13568, 0.13478, 0.13389, 0.133, 0.13232, 0.13165, 0.13097, 0.13031, 0.12964, 0.12914, 0.12863, 0.12813, 0.12763, 0.12714, 0.12645, 0.12577, 0.12509, 0.12441, 0.12374, 0.12307, 0.1224, 0.12174, 0.12108, 0.12042, 0.11977, 0.11912, 0.11847, 0.11783, 0.11719, 0.11655, 0.11592, 0.11529, 0.11466, 0.11404, 0.11342, 0.1128, 0.11218, 0.11157, 0.11097, 0.11036, 0.10976, 0.10916, 0.10857, 0.10797, 
		0.15613, 0.15506, 0.15408, 0.15311, 0.15215, 0.15132, 0.15051, 0.14969, 0.14888, 0.14808, 0.14746, 0.14685, 0.14624, 0.14563, 0.14502, 0.14456, 0.1441, 0.14364, 0.14319, 0.14273, 0.14197, 0.1412, 0.14045, 0.13969, 0.13894, 0.1382, 0.13745, 0.13672, 0.13598, 0.13525, 0.13452, 0.1338, 0.13308, 0.13236, 0.13165, 0.13094, 0.13023, 0.12953, 0.12883, 0.12813, 0.12744, 0.12675, 0.12607, 0.12539, 0.12471, 0.12403, 0.12336, 0.12269, 0.12203, 0.12137, 
		0.17512, 0.17419, 0.17335, 0.17251, 0.17168, 0.17097, 0.17026, 0.16955, 0.16885, 0.16815, 0.16761, 0.16707, 0.16654, 0.16601, 0.16547, 0.16507, 0.16467, 0.16427, 0.16387, 0.16347, 0.1626, 0.16174, 0.16088, 0.16003, 0.15918, 0.15834, 0.15749, 0.15666, 0.15582, 0.15499, 0.15417, 0.15335, 0.15253, 0.15172, 0.15091, 0.1501, 0.1493, 0.1485, 0.14771, 0.14692, 0.14613, 0.14535, 0.14458, 0.1438, 0.14303, 0.14226, 0.1415, 0.14074, 0.13999, 0.13924, 
		0.19578, 0.19506, 0.19441, 0.19376, 0.19311, 0.19256, 0.19201, 0.19146, 0.19091, 0.19037, 0.18995, 0.18953, 0.18911, 0.18869, 0.18828, 0.18796, 0.18764, 0.18733, 0.18702, 0.1867, 0.18572, 0.18475, 0.18378, 0.18282, 0.18186, 0.18091, 0.17996, 0.17901, 0.17807, 0.17714, 0.1762, 0.17528, 0.17435, 0.17343, 0.17252, 0.17161, 0.1707, 0.1698, 0.16891, 0.16801, 0.16713, 0.16624, 0.16536, 0.16449, 0.16362, 0.16275, 0.16189, 0.16103, 0.16017, 0.15932, 
		0.21407, 0.21364, 0.21325, 0.21286, 0.21246, 0.21213, 0.2118, 0.21146, 0.21113, 0.2108, 0.21054, 0.21028, 0.21003, 0.20977, 0.20952, 0.20933, 0.20913, 0.20894, 0.20875, 0.20855, 0.20748, 0.2064, 0.20533, 0.20427, 0.20321, 0.20216, 0.20111, 0.20006, 0.19903, 0.19799, 0.19696, 0.19594, 0.19492, 0.1939, 0.19289, 0.19188, 0.19088, 0.18989, 0.18889, 0.18791, 0.18692, 0.18595, 0.18497, 0.184, 0.18304, 0.18208, 0.18112, 0.18017, 0.17923, 0.17828, 
		0.23142, 0.23116, 0.23092, 0.23069, 0.23045, 0.23024, 0.23004, 0.22984, 0.22963, 0.22943, 0.22927, 0.22912, 0.22896, 0.2288, 0.22865, 0.22853, 0.22841, 0.22829, 0.22818, 0.22806, 0.22689, 0.22573, 0.22457, 0.22342, 0.22228, 0.22114, 0.22, 0.21887, 0.21775, 0.21663, 0.21551, 0.2144, 0.2133, 0.2122, 0.2111, 0.21001, 0.20893, 0.20785, 0.20677, 0.2057, 0.20464, 0.20358, 0.20252, 0.20147, 0.20042, 0.19938, 0.19835, 0.19731, 0.19629, 0.19527, 
		0.24744, 0.24727, 0.24712, 0.24697, 0.24681, 0.24668, 0.24655, 0.24642, 0.24629, 0.24616, 0.24605, 0.24595, 0.24585, 0.24575, 0.24565, 0.24557, 0.2455, 0.24542, 0.24534, 0.24527, 0.24403, 0.24279, 0.24156, 0.24033, 0.23911, 0.2379, 0.23669, 0.23548, 0.23428, 0.23309, 0.2319, 0.23071, 0.22954, 0.22836, 0.2272, 0.22603, 0.22488, 0.22372, 0.22258, 0.22143, 0.2203, 0.21917, 0.21804, 0.21692, 0.2158, 0.21469, 0.21358, 0.21248, 0.21139, 0.2103, 
		0.26172, 0.26159, 0.26147, 0.26136, 0.26124, 0.26115, 0.26105, 0.26095, 0.26085, 0.26075, 0.26068, 0.2606, 0.26053, 0.26045, 0.26038, 0.26032, 0.26026, 0.26021, 0.26015, 0.26009, 0.25837, 0.25667, 0.25497, 0.25328, 0.2516, 0.24993, 0.24827, 0.24662, 0.24498, 0.24335, 0.24172, 0.24011, 0.23851, 0.23691, 0.23533, 0.23375, 0.23218, 0.23063, 0.22908, 0.22754, 0.22601, 0.22449, 0.22297, 0.22147, 0.21997, 0.21849, 0.21701, 0.21554, 0.21408, 0.21263, 
		0.2756, 0.27547, 0.27536, 0.27524, 0.27512, 0.27502, 0.27493, 0.27483, 0.27473, 0.27463, 0.27455, 0.27447, 0.2744, 0.27432, 0.27425, 0.27419, 0.27413, 0.27407, 0.27401, 0.27396, 0.27205, 0.27015, 0.26827, 0.2664, 0.26454, 0.26269, 0.26085, 0.25902, 0.2572, 0.25539, 0.2536, 0.25181, 0.25004, 0.24827, 0.24652, 0.24478, 0.24305, 0.24133, 0.23961, 0.23791, 0.23622, 0.23455, 0.23288, 0.23122, 0.22957, 0.22793, 0.2263, 0.22469, 0.22308, 0.22148, 
		0.28778, 0.28761, 0.28744, 0.28728, 0.28712, 0.28698, 0.28685, 0.28671, 0.28657, 0.28643, 0.28633, 0.28622, 0.28612, 0.28601, 0.2859, 0.28582, 0.28574, 0.28566, 0.28558, 0.2855, 0.28357, 0.28164, 0.27973, 0.27783, 0.27594, 0.27405, 0.27218, 0.27033, 0.26848, 0.26664, 0.26481, 0.263, 0.26119, 0.25939, 0.25761, 0.25583, 0.25407, 0.25232, 0.25057, 0.24884, 0.24712, 0.24541, 0.2437, 0.24201, 0.24033, 0.23866, 0.237, 0.23535, 0.2337, 0.23207, 
		(50) 1, 
	};
};

