parameters {
	file	MicroDataOutputFile = "$OM_ROOT/models/Microdata/OzProj22_5K.csv"; //EN Output file for synthetic starting population
/* NOTE ( StartPopDistn, EN )
>Source: ABS 3101.0 Table 59 ERP by single year of age, Australia
*/


	 //EN Starting population distribution
	cumrate[2]	StartPopDistn[SEX][RANGE_AGE] = {
		149027, 151366, 150320, 149673, 148141, 148229, 144049, 141402, 139417, 139108, 141445, 141421, 142100, 142585, 143992, 145265, 148891, 148744, 150442, 153257, 159078, 165562, 165309, 165991, 167530, 169468, 169736, 168334, 168837, 164709, 161964, 155898, 152785, 149373, 149191, 149645, 152132, 155299, 159131, 165997, 168239, 160004, 157549, 152125, 148831, 148328, 149725, 154192, 155625, 156277, 155388, 150059, 148242, 144347, 141591, 140047, 135211, 130958, 129906, 125947, 124329, 122104, 119089, 120640, 125036, 105917, 100885, 95977, 86379, 85095, 78811, 75721, 71654, 67211, 63899, 59213, 54156, 51134, 48253, 45655, 44694, 41975, 38139, 34802, 30962, 27482, 23461, 19744, 16374, 13877, 10891, 8273, 5406, 4063, 3088, 2257, 1531, 1007, 667, 397, 552, 
		141370, 143250, 142664, 142261, 140042, 140424, 135789, 133778, 132800, 132638, 134241, 135020, 135369, 134869, 136823, 137200, 140445, 140430, 142483, 146302, 153141, 157922, 158050, 158953, 160127, 162070, 164517, 164276, 164858, 161365, 159796, 154884, 152299, 150079, 149892, 150437, 153143, 157159, 161766, 169201, 172268, 162190, 160747, 154234, 151057, 150860, 152792, 156716, 158875, 158447, 158425, 153354, 150907, 147676, 144074, 141654, 138267, 134090, 132341, 127572, 126033, 123657, 119844, 120371, 124897, 105612, 102186, 97632, 88353, 86224, 80543, 77532, 74316, 70426, 67558, 65895, 62244, 59049, 57418, 55324, 55872, 53719, 50708, 48347, 44814, 41815, 38461, 34237, 30248, 26574, 22481, 17705, 12718, 10416, 8452, 6442, 5091, 3444, 2377, 1576, 2500, 
	};
/* NOTE ( NativeBorn, EN )
>Source: ABS 3415.0  Migrants, 2011 Census, Table 9
*/


	 //EN Native-born proportion (last 5 years)
	double	NativeBorn[SEX][AGE_CLASS2] = {
		(2) 0.877851191, 0.766747409, 0.641268689, 0.661855858, 0.634937516, 0.621486785, 0.581731432, 0.566370111, 
		(2) 0.879071297, 0.772386374, 0.647529838, 0.662890821, 0.637940306, 0.628999291, 0.606621761, 0.610243541, 
	};
/* NOTE ( RecentArrival, EN )
>Source: ABS 3415.0  Migrants, 2011 Census, Table 9
*/


	 //EN Recent arrival proportion
	double	RecentArrival[SEX][AGE_CLASS2] = {
		1, 0.495377873, 0.466361566, 0.391632962, 0.208114517, 0.081517842, 0.031553821, 0.019372852, 0.01062808, 
		1, 0.492124191, 0.47901854, 0.401072728, 0.18802357, 0.073051106, 0.035367731, 0.024192731, 0.012175134, 
	};
/* NOTE ( ImmigrantAgeDist, EN )
>Source: ABS 3222.0  Population Projections, Detailed assumptions, Table 8
*/


	 //EN Immigrant age distribution
	cumrate	ImmigrantAgeDist[SEX][RANGE_AGE] = {
		2813, 3432, 3319, 3211, 3033, 2785, 2535, 2358, 2278, 2176, 2095, 2044, 2005, 1915, 2026, 2395, 2887, 3542, 5134, 6431, 7138, 7924, 9424, 10337, 10042, 9739, 9351, 8998, 8679, 8303, 7646, 6589, 5664, 5102, 4616, 4239, 3956, 3716, 3595, 3446, 3268, 3057, 2872, 2672, 2331, 2068, 1981, 1873, 1780, 1618, 1547, 1448, 1385, 1338, 1269, 1129, 1078, 1033, 978, 940, 934, 856, 831, 787, 728, 659, 582, 523, 472, 422, 377, 349, 318, 281, 237, 212, 189, 166, 136, 121, 107, 91, 82, 66, 57, 46, 26, 20, 11, 7, 5, 9, (2) 3, 4, (6) 0, 
		2721, 3339, 3205, 3100, 2938, 2669, 2467, 2281, 2206, 2123, 2035, 1972, 1953, 1870, 1963, 2321, 2773, 3407, 5101, 6534, 7215, 7914, 9616, 10595, 10271, 10091, 9770, 9384, 8948, 8366, 7542, 6449, 5534, 4907, 4391, 3956, 3725, 3486, 3364, 3232, 3066, 2836, 2622, 2420, 2091, 1843, 1778, 1697, 1609, 1503, 1445, 1364, 1328, 1312, 1254, 1143, 1094, 1050, 989, 932, 916, 858, 808, 769, 710, 647, 562, 517, 455, 421, 377, 355, 311, 277, 235, 207, 185, 168, 144, 125, 110, 102, 81, 67, 65, 54, 34, 19, 16, 11, 7, 13, 3, 4, 2, (2) 0, 1, (3) 0, 
	};
/* NOTE ( IndigenousProportion, EN )
>Source: ABS 3238.0.55.001  Estimates of Aboriginal and Torres Strait Islander
Australians, June, 2011
>Downloads - Excel cube 7
*/


	 //EN Indigenous proportion of native-born
	double	IndigenousProportion[RANGE_AGE_65][ONE_COLUMN] = {
		0.063509, 
		0.056768, 
		0.057299, 
		0.056690, 
		0.057476, 
		0.057996, 
		0.057655, 
		0.056365, 
		0.057003, 
		0.057481, 
		0.057591, 
		0.056465, 
		0.055988, 
		0.056221, 
		0.055518, 
		0.054332, 
		0.052886, 
		0.050197, 
		0.048491, 
		0.044739, 
		0.043396, 
		0.040304, 
		0.037464, 
		0.035149, 
		0.033689, 
		0.032591, 
		0.031808, 
		0.030391, 
		0.029253, 
		0.027853, 
		0.027835, 
		0.026442, 
		0.026612, 
		0.026042, 
		0.025335, 
		0.026663, 
		0.025705, 
		0.025540, 
		0.026807, 
		0.026398, 
		0.026406, 
		0.026051, 
		0.025241, 
		0.025166, 
		0.024576, 
		0.023678, 
		0.022716, 
		0.022457, 
		0.021316, 
		0.020787, 
		0.020799, 
		0.019316, 
		0.019441, 
		0.018569, 
		0.018100, 
		0.017449, 
		0.016976, 
		0.015946, 
		0.015332, 
		0.014790, 
		0.014909, 
		0.013153, 
		0.012235, 
		0.011233, 
		0.010351, 
		0.007341, 
	};
/* NOTE ( RegionAgeSexDistn, EN )
>Source: ABS 3222.0 Population projections (medium) – base population
*/


	 //EN Regional distribution by sex and age
	cumrate	RegionAgeSexDistn[SEX][RANGE_AGE_85][REGION] = {
		// MALE
		47706, 37793, 31622, 10497, 17024, 3255, 2056, 2752, 
		48748, 36460, 31036, 9865, 16344, 3234, 1919, 2621, 
		49532, 36982, 31897, 10157, 16687, 3273, 1967, 2604, 
		48895, 36560, 32204, 10142, 16474, 3341, 1887, 2594, 
		48599, 36535, 32080, 10100, 16475, 3362, 1892, 2463, 
		48195, 36101, 31767, 9891, 16437, 3282, 1886, 2396, 
		48136, 35956, 32008, 10087, 16063, 3295, 1862, 2460, 
		46884, 34664, 31195, 9738, 15587, 3270, 1839, 2282, 
		45897, 34309, 30201, 9912, 15459, 3118, 1731, 2234, 
		45646, 33741, 29696, 9640, 14946, 3142, 1791, 2222, 
		45103, 33394, 30177, 9781, 14948, 3235, 1729, 2073, 
		45996, 33757, 30618, 9796, 15279, 3331, 1831, 2126, 
		45945, 33667, 30417, 10118, 15324, 3378, 1701, 2162, 
		45757, 34064, 30176, 10177, 15794, 3446, 1664, 2179, 
		45810, 34442, 30555, 10138, 15517, 3390, 1753, 2164, 
		46657, 35023, 30504, 10256, 15654, 3489, 1653, 2222, 
		46741, 35310, 30963, 10639, 15959, 3512, 1695, 2201, 
		47905, 36412, 31633, 10989, 16143, 3658, 1820, 2435, 
		47980, 37259, 31529, 10775, 16239, 3551, 1727, 2542, 
		48790, 37919, 31587, 11157, 16462, 3418, 1749, 3034, 
		49121, 38923, 32058, 11399, 16979, 3334, 1803, 3261, 
		50190, 40873, 32900, 11665, 18029, 3323, 2070, 3439, 
		52152, 43039, 33827, 12083, 19184, 3407, 2181, 3513, 
		52012, 43331, 33420, 12088, 19658, 3269, 2208, 3449, 
		51826, 43623, 33558, 11750, 20187, 3078, 2260, 3494, 
		51436, 43601, 33658, 11765, 20859, 3144, 2298, 3376, 
		52510, 43697, 33786, 11743, 21013, 3073, 2458, 3501, 
		53174, 43851, 33819, 11656, 20939, 3032, 2282, 3339, 
		52789, 43527, 33572, 11688, 20521, 2987, 2294, 3456, 
		53612, 43830, 33604, 11432, 20396, 3012, 2388, 3444, 
		53005, 42758, 32770, 10982, 19708, 2919, 2242, 3307, 
		52660, 41788, 32218, 10795, 18933, 2871, 2270, 3135, 
		50754, 40354, 30814, 10388, 18070, 2809, 2005, 2940, 
		49798, 39407, 30031, 10368, 17581, 2842, 1933, 2973, 
		48708, 38735, 29422, 10045, 17236, 2769, 1828, 2820, 
		48563, 38295, 29846, 10216, 16711, 2774, 1826, 2758, 
		48441, 38069, 29967, 10201, 17134, 2946, 1916, 2735, 
		49294, 38519, 30952, 10340, 17067, 2921, 1859, 2828, 
		50127, 39300, 32023, 10502, 17149, 3130, 1870, 2724, 
		51328, 39811, 32872, 10948, 17991, 3154, 1870, 2806, 
		53426, 41210, 34013, 11638, 19001, 3431, 1909, 2810, 
		53376, 41913, 34583, 12083, 19268, 3533, 2095, 2903, 
		50029, 40447, 32824, 11709, 18343, 3496, 1865, 2741, 
		49212, 40168, 32004, 11601, 18042, 3563, 1752, 2587, 
		47543, 38629, 30712, 11342, 17411, 3329, 1711, 2541, 
		46840, 36947, 30256, 11013, 16959, 3200, 1683, 2460, 
		47115, 36775, 29777, 11143, 16709, 3193, 1696, 2375, 
		47722, 36888, 30032, 11272, 16783, 3356, 1637, 2406, 
		49545, 37347, 31212, 11550, 17189, 3670, 1604, 2390, 
		50278, 37954, 31171, 11575, 17191, 3603, 1679, 2439, 
		50615, 38013, 31325, 11553, 16865, 3842, 1692, 2521, 
		50204, 37487, 31210, 11840, 16730, 3812, 1724, 2442, 
		48654, 36162, 30044, 11379, 16182, 3716, 1518, 2405, 
		47773, 36262, 29428, 11284, 15926, 3667, 1539, 2280, 
		46909, 34904, 28419, 11056, 15579, 3722, 1510, 2257, 
		46127, 34066, 27878, 10706, 15226, 3595, 1425, 2167, 
		45049, 34097, 27629, 10593, 15126, 3670, 1448, 2101, 
		43881, 32607, 26810, 10474, 14145, 3447, 1383, 2003, 
		42559, 31570, 25816, 10075, 13830, 3326, 1326, 1999, 
		42030, 31191, 25872, 10068, 13600, 3460, 1234, 1977, 
		40206, 30242, 25409, 9690, 13247, 3495, 1197, 1885, 
		40211, 29452, 24876, 9648, 13052, 3382, 1223, 1806, 
		39562, 28908, 24557, 9651, 12387, 3298, 1105, 1828, 
		38476, 28169, 24135, 9409, 12119, 3162, 1045, 1737, 
		39404, 28591, 24230, 9294, 12302, 3313, 958, 1709, 
		40370, 29895, 25085, 9991, 12544, 3475, 985, 1811, 
		34678, 25496, 21263, 8234, 10062, 2840, 772, 1517, 
		33337, 23810, 20540, 7850, 9596, 2706, 694, 1291, 
		31820, 22607, 19194, 7414, 9277, 2708, 583, 1216, 
		28415, 20544, 17149, 6837, 8239, 2408, 518, 1111, 
		27589, 20496, 16928, 6556, 8218, 2330, 512, 1115, 
		25857, 19050, 15530, 6001, 7376, 2157, 529, 956, 
		24787, 18327, 14785, 5851, 7042, 2074, 457, 937, 
		23388, 17423, 13601, 5739, 6733, 1995, 314, 874, 
		22117, 16317, 12668, 5320, 6285, 1807, 321, 817, 
		21253, 15491, 11864, 5135, 5839, 1654, 282, 741, 
		19567, 14450, 10914, 4710, 5377, 1478, 234, 706, 
		17703, 13285, 9732, 4312, 4924, 1404, 217, 665, 
		16770, 12696, 8876, 4247, 4379, 1338, 152, 558, 
		15821, 11710, 8427, 3940, 4205, 1206, 146, 524, 
		15047, 10902, 7943, 3665, 3882, 1160, 142, 509, 
		14409, 10896, 7599, 3573, 3855, 1117, 144, 518, 
		13540, 10194, 6990, 3510, 3507, 1024, 126, 438, 
		12279, 9103, 6281, 3186, 3135, 894, 102, 416, 
		11174, 8336, 5549, 2932, 2806, 806, 85, 372, 
		51702, 38742, 26158, 13800, 12871, 3783, 256, 1743, 
		// FEMALE
		45376, 36040, 29897, 9851, 15977, 3069, 1923, 2526, 
		46088, 34159, 29892, 9561, 15829, 2952, 1736, 2421, 
		46849, 35247, 30192, 9575, 15882, 2973, 1805, 2528, 
		46540, 34677, 30456, 9749, 15574, 3147, 1791, 2378, 
		46220, 34644, 30266, 9715, 15977, 3113, 1788, 2270, 
		45569, 34229, 29630, 9691, 15614, 3116, 1700, 2238, 
		45319, 34129, 30163, 9516, 15675, 3082, 1770, 2307, 
		43878, 32767, 29376, 9408, 14935, 2941, 1698, 2178, 
		43157, 32590, 28793, 9205, 14661, 2884, 1655, 2109, 
		43220, 32017, 28171, 9291, 14709, 2941, 1736, 2050, 
		42675, 32044, 28637, 9268, 14464, 3059, 1663, 2033, 
		43272, 31931, 29123, 9403, 14806, 3094, 1746, 2086, 
		43678, 32610, 28672, 9577, 14864, 3176, 1590, 2116, 
		43340, 32436, 28907, 9825, 15084, 3273, 1554, 2118, 
		43365, 32103, 29211, 9767, 14859, 3124, 1526, 2063, 
		44009, 33079, 29411, 9936, 14895, 3273, 1499, 2085, 
		44110, 33477, 29444, 10074, 14996, 3268, 1460, 2148, 
		45296, 34645, 29972, 10249, 15242, 3338, 1552, 2204, 
		45347, 35315, 29660, 10322, 15322, 3143, 1504, 2479, 
		45668, 36678, 30162, 10658, 15718, 3154, 1528, 2788, 
		46403, 37248, 31848, 11000, 16032, 3080, 1505, 3082, 
		48778, 39384, 32473, 11038, 17023, 3163, 1659, 3250, 
		50110, 41412, 33065, 11499, 17732, 3033, 1770, 3272, 
		50344, 41884, 32743, 11261, 18405, 3129, 1814, 3357, 
		50569, 42292, 32578, 11252, 18425, 3043, 1939, 3347, 
		50967, 42019, 32486, 11143, 18612, 2951, 2115, 3349, 
		51519, 42705, 33010, 11284, 19013, 2969, 2116, 3390, 
		52620, 43664, 33387, 11181, 19053, 3097, 2127, 3332, 
		53040, 43216, 33154, 11360, 18807, 3012, 2124, 3336, 
		53990, 43423, 33368, 11096, 18647, 2928, 2171, 3212, 
		53032, 42552, 32117, 10811, 18115, 3026, 2063, 3280, 
		52451, 41784, 31819, 10630, 17781, 3041, 2091, 3129, 
		50681, 40565, 30932, 10196, 17160, 2866, 1870, 3047, 
		50231, 39508, 30212, 10058, 16956, 2884, 1799, 2898, 
		49361, 38833, 30159, 10007, 16358, 2893, 1775, 2774, 
		49145, 38386, 30360, 10210, 16307, 2786, 1722, 2770, 
		48992, 38472, 30716, 10059, 16508, 2926, 1824, 2648, 
		49671, 39300, 31221, 10196, 16675, 3117, 1731, 2734, 
		51232, 40327, 32030, 10477, 16856, 3213, 1731, 2799, 
		52731, 40700, 33479, 11071, 17283, 3369, 1770, 2847, 
		54544, 42810, 34845, 11751, 18335, 3630, 1754, 2941, 
		55023, 44132, 35261, 11981, 18682, 3707, 1923, 2888, 
		51329, 41598, 33243, 11602, 17658, 3518, 1782, 2679, 
		50901, 41222, 32563, 11533, 17591, 3605, 1694, 2713, 
		48676, 39538, 31219, 11271, 16869, 3417, 1601, 2578, 
		47823, 38051, 30686, 11036, 16460, 3396, 1575, 2485, 
		47665, 38157, 30400, 11196, 16375, 3341, 1548, 2551, 
		48773, 38176, 30821, 11403, 16534, 3478, 1474, 2472, 
		50537, 38726, 31722, 11558, 16641, 3718, 1525, 2591, 
		51662, 38991, 32202, 11679, 16915, 3717, 1533, 2448, 
		51104, 38921, 32144, 11879, 16712, 3812, 1518, 2608, 
		51333, 38732, 31739, 11999, 16705, 3959, 1567, 2563, 
		49718, 37569, 30651, 11658, 16233, 3860, 1412, 2459, 
		48651, 37141, 30102, 11652, 15890, 3782, 1417, 2457, 
		48471, 36142, 29313, 11189, 15294, 3687, 1420, 2355, 
		46884, 35356, 28204, 11211, 15068, 3683, 1326, 2292, 
		45660, 34942, 27812, 10969, 15072, 3592, 1299, 2225, 
		45001, 33968, 27173, 10542, 14530, 3534, 1258, 2139, 
		43461, 32856, 26432, 10563, 13948, 3565, 1162, 2014, 
		42932, 32507, 25968, 10433, 13676, 3462, 1121, 2077, 
		41352, 31175, 25087, 10155, 13149, 3325, 1009, 2038, 
		40589, 31008, 24890, 10180, 12782, 3311, 1019, 1984, 
		40012, 30386, 24658, 9862, 12408, 3267, 833, 1858, 
		38803, 29298, 23737, 9631, 12175, 3206, 798, 1786, 
		39130, 29755, 23629, 9724, 11911, 3209, 745, 1839, 
		40463, 30892, 24594, 10280, 12221, 3349, 710, 1860, 
		34860, 26001, 20854, 8670, 9754, 2832, 606, 1507, 
		33708, 24860, 20474, 8367, 9492, 2749, 536, 1436, 
		32288, 24056, 19115, 7828, 9239, 2599, 509, 1342, 
		29234, 21669, 17219, 7258, 8326, 2342, 404, 1185, 
		28305, 21446, 16770, 6906, 8211, 2297, 400, 1150, 
		26862, 19856, 15341, 6425, 7600, 2179, 411, 1058, 
		25682, 19288, 14680, 6327, 7294, 2044, 346, 990, 
		24644, 18509, 13808, 6251, 7042, 1898, 254, 949, 
		23501, 17819, 12534, 5894, 6631, 1868, 259, 883, 
		22671, 16835, 12234, 5675, 6150, 1770, 206, 882, 
		22213, 16650, 11580, 5446, 6120, 1702, 196, 783, 
		20930, 15581, 11053, 5123, 5740, 1558, 191, 740, 
		19500, 15130, 10173, 4944, 5317, 1567, 176, 736, 
		19103, 14521, 9892, 4768, 5163, 1478, 141, 666, 
		18423, 13765, 9395, 4658, 4945, 1393, 142, 649, 
		18500, 13939, 9522, 4811, 4859, 1389, 130, 591, 
		17784, 13526, 9006, 4514, 4613, 1291, 114, 596, 
		16801, 12508, 8381, 4349, 4233, 1215, 118, 580, 
		15873, 11821, 7996, 4171, 4022, 1134, 101, 554, 
		96121, 71354, 46935, 26149, 23766, 6833, 437, 3253, 
	};
};

